t07: staircase effect over consecutive representable x

=============== float ===============

Steps equal to the CR step (%), by probe position:
formula         t~0     t~.5      t~1      x~0      y~0     rand      all
-------------------------------------------------------------------------
A             81.88    47.07    46.86    74.85     8.53    53.24    53.01
A'            83.27    51.94    52.35    74.85    10.63    57.96    56.66
A''           81.80    44.92    49.44    74.85     8.47    53.83    52.95
B             44.18    52.73    95.49    74.85    12.76    57.53    52.72
C             50.83    40.50    47.33    74.85     9.31    42.68    40.99
D             85.71    50.09    57.68    74.85    12.60    59.86    58.26
E             83.31    52.73    95.49    74.83    14.19    66.50    65.26
F             67.59    45.38    51.67    74.85     9.31    50.73    49.03
G             90.05    73.59    97.48    74.82    69.56    80.68    82.40
H            100.00   100.00   100.00   100.00    99.18   100.00    99.90
W            100.00   100.00   100.00   100.00   100.00   100.00   100.00
CR           100.00   100.00   100.00   100.00   100.00   100.00   100.00

All probes (2100929 steps): stalls = flat steps where CR moves; dev = |y - CR| in ulps;
extra flat = longest flat run minus CR's longest flat run on the same probe
formula            %=CR       stalls    backwards      max dev   extra flat
---------------------------------------------------------------------------
A                53.015        16399            0     9.22e+08         1194
A'               56.656        16957            0     9.22e+08         1194
A''              52.953        17246            0     9.22e+08         1194
B                52.723        16739            0     1.82e+09         1139
C                40.991        22174         2221      1.8e+09         1194
D                58.264        13032            0     1.79e+09         1194
E                65.262         8883            0     9.14e+08         1022
F                49.028        16767            0      1.8e+09         1194
G                82.398         8263            1     1.82e+09         1022
H                99.897            0            0     3.97e+03            0
W                99.998            0            0            1            0
CR              100.000            0            0            0            0

successive steps of y in ulps, yoff t~.5 (x from 0.5):
  A     0  0  0  0  0  0  0  0  0  0  0  0  0  0  0  0  0  0  0  0  0  0  0  0  0  0  0  0  0  0  0  0
  A'    0  0  0  0  0  0  0  0  0  0  0  0  0  0  0  0  0  0  0  0  0  0  0  0  0  0  0  0  0  0  0  0
  A''   0  0  0  0  0  0  0  0  0  0  0  0  0  0  0  0  0  0  0  0  0  0  0  0  0  0  0  0  0  0  0  0
  B     0  0  0  0  0  0  0  0  0  0  0  0  0  0  0  0  0  0  0  0  0  0  0  0  0  0  0  0  0  0  0  0
  C     0  0  0  0  0  0  0  0  0  0  0  0  0  0  0  0  0  0  0  0  0  0  0  0  0  0  0  0  0  0  0  0
  D     0  0  0  0  0  0  0  0  0  0  0  0  0  0  0  0  0  0  0  0  0  0  0  0  0  0  0  0  0  0  0  0
  E     0  0  0  0  0  0  0  0  0  0  0  0  0  0  0  0  0  0  0  0  0  0  0  0  0  0  0  0  0  0  0  0
  F     0  0  0  0  0  0  0  0  0  0  0  0  0  0  0  0  0  0  0  0  0  0  0  0  0  0  0  0  0  0  0  0
  G     0  0  0  0  0  0  0  0  0  0  0  0  0  0  0  0  0  0  0  0  0  0  0  0  0  0  0  0  0  0  0  0
  H     0  0  0  0  0  0  0  0  0  0  0  0  0  0  0  0  0  0  0  0  0  0  0  0  0  0  0  0  0  0  0  0
  W     0  0  0  0  0  0  0  0  0  0  0  0  0  0  0  0  0  0  0  0  0  0  0  0  0  0  0  0  0  0  0  0
  CR    0  0  0  0  0  0  0  0  0  0  0  0  0  0  0  0  0  0  0  0  0  0  0  0  0  0  0  0  0  0  0  0

successive steps of y in ulps, neg t~1 (x from 4.84000015):
  A    -2 -2  0 -2  0 -2  0 -2 -2  0 -2  0 -2  0 -2 -2  0 -2  0 -2  0 -2  0 -2 -2  0 -2  0 -2  0 -2  0
  A'   -2 -2  0 -2  0 -2  0 -2 -2  0 -2  0 -2  0 -2 -2  0 -2  0 -2  0 -2  0 -2 -2  0 -2  0 -2  0 -2  0
  A''  -2 -2  0 -2  0 -2  0 -2 -2  0 -2  0 -2  0 -2 -2  0 -2  0 -2  0 -2  0 -2 -2  0 -2  0 -2  0 -2  0
  B    -1 -1 -1 -2 -1 -1 -1 -1 -1 -1 -1 -1 -2 -1 -1 -1 -1 -1 -1 -2 -1 -1 -1 -1 -1 -1 -1 -1 -2 -1 -1 -1
  C    -1 -2 -1  0 -1 -2 -1 -1 -1 -1 -2 -1  0 -1 -2 -1 -1 -2 -1  0 -1 -2 -1 -1 -1 -1 -2 -1  0 -1 -2 -1
  D    -1 -1 -1 -2 -1 -1 -1 -1 -1 -1 -1 -1 -2 -1 -1 -1 -1 -1 -1 -2 -1 -1 -1 -1 -1 -1 -1 -1 -2 -1 -1 -1
  E    -1 -1 -1 -2 -1 -1 -1 -1 -1 -1 -1 -1 -2 -1 -1 -1 -1 -1 -1 -2 -1 -1 -1 -1 -1 -1 -1 -1 -2 -1 -1 -1
  F    -1 -2 -1  0 -1 -2 -1 -1 -1 -1 -2 -1  0 -1 -2 -1 -1 -2 -1  0 -1 -2 -1 -1 -1 -1 -2 -1  0 -1 -2 -1
  G    -1 -1 -1 -2 -1 -1 -1 -1 -1 -1 -1 -1 -2 -1 -1 -1 -1 -1 -1 -2 -1 -1 -1 -1 -1 -1 -1 -1 -2 -1 -1 -1
  H    -1 -1 -1 -2 -1 -1 -1 -1 -1 -1 -1 -1 -2 -1 -1 -1 -1 -1 -1 -2 -1 -1 -1 -1 -1 -1 -1 -1 -2 -1 -1 -1
  W    -1 -1 -1 -2 -1 -1 -1 -1 -1 -1 -1 -1 -2 -1 -1 -1 -1 -1 -1 -2 -1 -1 -1 -1 -1 -1 -1 -1 -2 -1 -1 -1
  CR   -1 -1 -1 -2 -1 -1 -1 -1 -1 -1 -1 -1 -2 -1 -1 -1 -1 -1 -1 -2 -1 -1 -1 -1 -1 -1 -1 -1 -2 -1 -1 -1

successive steps of y in ulps, odd t~.5 (x from 0.399999976):
  A     1  1  0  1  1  0  2  0  0  1  1  0  1  1  0  1  1  0  1  1  0  2  0  0  1  1  0  1  1  0  1  1
  A'    2  0  0  2  0  0  2  0  0  2  0  0  2  0  0  2  0  0  2  0  0  2  0  0  2  0  0  2  0  0  2  0
  A''   2  0  1  0  1  0  2  0  1  0  1  0  2  0  1  0  1  0  2  0  1  0  1  0  2  0  1  0  1  0  2  0
  B     1  1  0  1  1  0  1  1  0  1  1  0  1  1  0  1  1  0  1  1  0  1  1  0  1  1  0  1  1  0  1  1
  C     1  0  1  0  1  0  1  1  1  0  1  1  1  0  1  0  1  0  1  1  1  0  1  1  1  0  1  0  1  0  1  1
  D     1  1  1  0  1  0  1  1  1  0  1  0  1  1  1  0  1  0  1  1  1  0  1  0  1  1  1  0  1  0  1  1
  E     1  1  0  1  1  0  1  1  0  1  1  0  1  1  0  1  1  0  1  1  0  1  1  0  1  1  0  1  1  0  1  1
  F     2  0  1  0  1  0  2  0  1  0  1  0  2  0  1  0  1  0  2  0  1  0  1  0  2  0  1  0  1  0  2  0
  G     0  0  1  1  0  1  1  0  1  1  0  1  1  0  1  1  0  1  1  0  1  1  0  1  1  0  1  1  0  1  1  0
  H     1  1  0  1  1  0  1  1  0  1  1  0  1  1  0  1  1  0  1  1  0  1  1  0  1  1  0  1  1  0  1  1
  W     1  1  0  1  1  0  1  1  0  1  1  0  1  1  0  1  1  0  1  1  0  1  1  0  1  1  0  1  1  0  1  1
  CR    1  1  0  1  1  0  1  1  0  1  1  0  1  1  0  1  1  0  1  1  0  1  1  0  1  1  0  1  1  0  1  1

successive steps of y in ulps, cross x~0 (x from 0.0009765625):
  A     0  0  0  0  0  0  0  0  0  0  0  0  0  0  0  0  0  0  0  0  0  0  0  0  0  0  0  0  0  0  0  0
  A'    0  0  0  0  0  0  0  0  0  0  0  0  0  0  0  0  0  0  0  0  0  0  0  0  0  0  0  0  0  0  0  0
  A''   0  0  0  0  0  0  0  0  0  0  0  0  0  0  0  0  0  0  0  0  0  0  0  0  0  0  0  0  0  0  0  0
  B     0  0  0  0  0  0  0  0  0  0  0  0  0  0  0  0  0  0  0  0  0  0  0  0  0  0  0  0  0  0  0  0
  C     0  0  0  0  0  0  0  0  0  0  0  0  0  0  0  0  0  0  0  0  0  0  0  0  0  0  0  0  0  0  0  0
  D     0  0  0  0  0  0  0  0  0  0  0  0  0  0  0  0  0  0  0  0  0  0  0  0  0  0  0  0  0  0  0  0
  E     0  0  0  0  0  0  0  0  0  0  0  0  0  0  0  0  0  0  0  0  0  0  0  0  0  0  0  0  0  0  0  0
  F     0  0  0  0  0  0  0  0  0  0  0  0  0  0  0  0  0  0  0  0  0  0  0  0  0  0  0  0  0  0  0  0
  G     0  0  0  0  0  0  0  0  0  0  0  0  0  0  0  0  0  0  0  0  0  0  0  0  0  0  0  0  0  0  0  0
  H     1  1  1  1  1  1  1  1  1  1  1  1  1  1  1  1  1  1  1  1  1  1  1  1  1  1  1  1  1  1  1  1
  W     1  1  1  1  1  1  1  1  1  1  1  1  1  1  1  1  1  1  1  1  1  1  1  1  1  1  1  1  1  1  1  1
  CR    1  1  1  1  1  1  1  1  1  1  1  1  1  1  1  1  1  1  1  1  1  1  1  1  1  1  1  1  1  1  1  1

=============== double ===============

Steps equal to the CR step (%), by probe position:
formula         t~0     t~.5      t~1      x~0      y~0     rand      all
-------------------------------------------------------------------------
A             94.08    49.32    44.88    74.84     1.23    54.53    53.81
A'            94.30    53.60    50.32    74.84     1.23    59.71    57.12
A''           94.03    44.44    48.40    74.85     1.23    55.11    53.62
B             41.64    49.56    93.78    74.85     1.21    56.19    53.41
C             54.10    38.29    46.12    74.84     1.21    41.55    39.98
D             96.30    47.44    58.90    74.84     1.84    60.28    58.30
E             94.08    49.56    93.78    74.83     1.23    66.81    67.32
F             73.11    43.98    49.82    74.84     1.21    50.63    48.23
G             96.48    74.63    96.44    74.82    65.95    81.17    84.68
H            100.00   100.00   100.00   100.00    99.38   100.00    99.93
W             99.95    99.74    99.95    99.90     1.84    99.87    88.37
CR           100.00   100.00   100.00   100.00   100.00   100.00   100.00

All probes (2844346 steps): stalls = flat steps where CR moves; dev = |y - CR| in ulps;
extra flat = longest flat run minus CR's longest flat run on the same probe
formula            %=CR       stalls    backwards      max dev   extra flat
---------------------------------------------------------------------------
A                53.806        15537            0      4.4e+18         1022
A'               57.121        15284            0      4.4e+18         1022
A''              53.619        16705            0      4.4e+18         1193
B                53.412        17298            0      4.4e+18         1139
C                39.977        21020         2365      4.4e+18         1022
D                58.296        12772            0     8.78e+18         1022
E                67.322         9759            0      4.4e+18         1022
F                48.227        16106            0      4.4e+18         1022
G                84.684         7954            0     1.02e+16         1022
H                99.927            0            0     3.97e+03            0
W                88.369           18            0      5.1e+12            1
CR              100.000            0            0            0            0

successive steps of y in ulps, yoff t~.5 (x from 0.5):
  A     0  0  0  0  0  0  0  0  0  0  0  0  0  0  0  0  0  0  0  0  0  0  0  0  0  0  0  0  0  0  0  0
  A'    0  0  0  0  0  0  0  0  0  0  0  0  0  0  0  0  0  0  0  0  0  0  0  0  0  0  0  0  0  0  0  0
  A''   0  0  0  0  0  0  0  0  0  0  0  0  0  0  0  0  0  0  0  0  0  0  0  0  0  0  0  0  0  0  0  0
  B     0  0  0  0  0  0  0  0  0  0  0  0  0  0  0  0  0  0  0  0  0  0  0  0  0  0  0  0  0  0  0  0
  C     0  0  0  0  0  0  0  0  0  0  0  0  0  0  0  0  0  0  0  0  0  0  0  0  0  0  0  0  0  0  0  0
  D     0  0  0  0  0  0  0  0  0  0  0  0  0  0  0  0  0  0  0  0  0  0  0  0  0  0  0  0  0  0  0  0
  E     0  0  0  0  0  0  0  0  0  0  0  0  0  0  0  0  0  0  0  0  0  0  0  0  0  0  0  0  0  0  0  0
  F     0  0  0  0  0  0  0  0  0  0  0  0  0  0  0  0  0  0  0  0  0  0  0  0  0  0  0  0  0  0  0  0
  G     0  0  0  0  0  0  0  0  0  0  0  0  0  0  0  0  0  0  0  0  0  0  0  0  0  0  0  0  0  0  0  0
  H     0  0  0  0  0  0  0  0  0  0  0  0  0  0  0  0  0  0  0  0  0  0  0  0  0  0  0  0  0  0  0  0
  W     0  0  0  0  0  0  0  0  0  0  0  0  0  0  0  0  0  0  0  0  0  0  0  0  0  0  0  0  0  0  0  0
  CR    0  0  0  0  0  0  0  0  0  0  0  0  0  0  0  0  0  0  0  0  0  0  0  0  0  0  0  0  0  0  0  0

successive steps of y in ulps, neg t~1 (x from 4.8399999999999999):
  A     0 -2  0 -2 -2  0 -2  0 -2  0 -2  0 -2 -2  0 -2  0 -2  0 -2 -2  0 -2  0 -2  0 -2 -2  0 -2  0 -2
  A'    0 -2  0 -2 -2  0 -2  0 -2  0 -2  0 -2 -2  0 -2  0 -2  0 -2 -2  0 -2  0 -2  0 -2 -2  0 -2  0 -2
  A''   0 -2  0 -2 -2  0 -2  0 -2  0 -2  0 -2 -2  0 -2  0 -2  0 -2 -2  0 -2  0 -2  0 -2 -2  0 -2  0 -2
  B    -1 -1 -1 -1 -1 -1 -1 -1 -2 -1 -1 -1 -1 -1 -1 -2 -1 -1 -1 -1 -1 -1 -1 -1 -2 -1 -1 -1 -1 -1 -1 -2
  C    -1 -2 -1 -1 -1 -1 -2 -1  0 -1 -2 -1 -1 -2 -1  0 -1 -2 -1 -1 -1 -1 -2 -1  0 -1 -2 -1 -1 -2 -1  0
  D    -1 -1 -1 -1 -1 -1 -1 -1 -2 -1 -1 -1 -1 -1 -1 -2 -1 -1 -1 -1 -1 -1 -1 -1 -2 -1 -1 -1 -1 -1 -1 -2
  E    -1 -1 -1 -1 -1 -1 -1 -1 -2 -1 -1 -1 -1 -1 -1 -2 -1 -1 -1 -1 -1 -1 -1 -1 -2 -1 -1 -1 -1 -1 -1 -2
  F    -1 -2 -1 -1 -1 -1 -2 -1  0 -1 -2 -1 -1 -2 -1  0 -1 -2 -1 -1 -1 -1 -2 -1  0 -1 -2 -1 -1 -2 -1  0
  G    -1 -1 -1 -1 -1 -1 -1 -1 -2 -1 -1 -1 -1 -1 -1 -2 -1 -1 -1 -1 -1 -1 -1 -1 -2 -1 -1 -1 -1 -1 -1 -2
  H    -1 -1 -1 -1 -1 -1 -1 -1 -2 -1 -1 -1 -1 -1 -1 -2 -1 -1 -1 -1 -1 -1 -1 -1 -2 -1 -1 -1 -1 -1 -1 -2
  W    -1 -1 -1 -1 -1 -1 -1 -1 -2 -1 -1 -1 -1 -1 -1 -2 -1 -1 -1 -1 -1 -1 -1 -1 -2 -1 -1 -1 -1 -1 -1 -2
  CR   -1 -1 -1 -1 -1 -1 -1 -1 -2 -1 -1 -1 -1 -1 -1 -2 -1 -1 -1 -1 -1 -1 -1 -1 -2 -1 -1 -1 -1 -1 -1 -2

successive steps of y in ulps, odd t~.5 (x from 0.40000000000000002):
  A     0  1  0  1  0  2  0  1  0  2  0  1  0  1  0  1  0  2  0  1  0  2  0  1  0  1  0  2  0  1  0  1
  A'    0  1  0  2  0  1  0  1  0  2  0  1  0  1  0  2  0  1  0  1  0  2  0  1  0  1  0  2  0  1  0  1
  A''   0  2  0  0  0  2  0  2  0  0  0  2  0  2  0  0  0  2  0  2  0  0  0  2  0  2  0  0  0  2  0  2
  B     1  1  0  1  1  0  1  1  0  0  2  0  1  1  0  1  1  0  1  1  0  1  1  0  0  2  0  1  1  0  1  1
  C     0  2  0  1  0  1  0  2  0  0  0  2  0  2  0  1  0  1  0  2  0  0  0  2  0  2  0  1  0  1  0  2
  D     0  2  0  0  0  2  0  2  0  0  0  2  0  2  0  0  0  2  0  2  0  0  0  2  0  2  0  0  0  2  0  2
  E     1  1  0  1  1  0  1  1  0  0  2  0  1  1  0  1  1  0  1  1  0  1  1  0  0  2  0  1  1  0  1  1
  F     0  2  0  0  0  2  0  2  0  0  0  2  0  2  0  0  0  2  0  2  0  0  0  2  0  2  0  0  0  2  0  2
  G     1  1  0  1  1  0  1  1  0  1  1  0  1  1  0  1  1  0  1  1  0  1  1  0  1  1  0  1  1  0  1  1
  H     1  0  1  1  0  1  1  0  1  1  0  1  1  0  1  1  0  1  1  0  1  1  0  1  1  0  1  1  0  1  1  0
  W     1  0  1  1  0  1  1  0  1  1  0  1  1  0  1  1  0  1  1  0  1  1  0  1  1  0  1  1  0  1  1  0
  CR    1  0  1  1  0  1  1  0  1  1  0  1  1  0  1  1  0  1  1  0  1  1  0  1  1  0  1  1  0  1  1  0

successive steps of y in ulps, cross x~0 (x from 0.0009765625):
  A     0  0  0  0  0  0  0  0  0  0  0  0  0  0  0  0  0  0  0  0  0  0  0  0  0  0  0  0  0  0  0  0
  A'    0  0  0  0  0  0  0  0  0  0  0  0  0  0  0  0  0  0  0  0  0  0  0  0  0  0  0  0  0  0  0  0
  A''   0  0  0  0  0  0  0  0  0  0  0  0  0  0  0  0  0  0  0  0  0  0  0  0  0  0  0  0  0  0  0  0
  B     0  0  0  0  0  0  0  0  0  0  0  0  0  0  0  0  0  0  0  0  0  0  0  0  0  0  0  0  0  0  0  0
  C     0  0  0  0  0  0  0  0  0  0  0  0  0  0  0  0  0  0  0  0  0  0  0  0  0  0  0  0  0  0  0  0
  D     0  0  0  0  0  0  0  0  0  0  0  0  0  0  0  0  0  0  0  0  0  0  0  0  0  0  0  0  0  0  0  0
  E     0  0  0  0  0  0  0  0  0  0  0  0  0  0  0  0  0  0  0  0  0  0  0  0  0  0  0  0  0  0  0  0
  F     0  0  0  0  0  0  0  0  0  0  0  0  0  0  0  0  0  0  0  0  0  0  0  0  0  0  0  0  0  0  0  0
  G     0  0  0  0  0  0  0  0  0  0  0  0  0  0  0  0  0  0  0  0  0  0  0  0  0  0  0  0  0  0  0  0
  H     1  1  1  1  1  1  1  1  1  1  1  1  1  1  1  1  1  1  1  1  1  1  1  1  1  1  1  1  1  1  1  1
  W     1  1  1  1  1  1  1  1  1  1  1  1  1  1  1  1  1  1  1  1  1  1  1  1  1  1  1  1  1  1  1  1
  CR    1  1  1  1  1  1  1  1  1  1  1  1  1  1  1  1  1  1  1  1  1  1  1  1  1  1  1  1  1  1  1  1
