t03: discrepancy of the step f(next_up(x)) - f(x)
err     = |computed step - exact step| in ulps of max(|y0|,|y1|) (CR row: best achievable)
%!=CR   = % of steps differing from the step of the correctly rounded result

=============== float ===============

-- case unit  (8388608 steps)
formula       max err   mean err      %!=CR   max t<.1   max t>.9 %!=CR t<.1 %!=CR t>.9
---------------------------------------------------------------------------------------
A                   0          0       0.00          0          0       0.00       0.00
A'                  0          0       0.00          0          0       0.00       0.00
A''                 0          0       0.00          0          0       0.00       0.00
B                   0          0       0.00          0          0       0.00       0.00
C                   0          0       0.00          0          0       0.00       0.00
D                   0          0       0.00          0          0       0.00       0.00
E                   0          0       0.00          0          0       0.00       0.00
F                   0          0       0.00          0          0       0.00       0.00
G                   0          0       0.00          0          0       0.00       0.00
H                   0          0       0.00          0          0       0.00       0.00
W                   0          0       0.00          0          0       0.00       0.00
CR                  0          0       0.00          0          0       0.00       0.00

-- case off  (128 steps)
formula       max err   mean err      %!=CR   max t<.1   max t>.9 %!=CR t<.1 %!=CR t>.9
---------------------------------------------------------------------------------------
A                   0          0       0.00          0          0       0.00       0.00
A'                  0          0       0.00          0          0       0.00       0.00
A''                 0          0       0.00          0          0       0.00       0.00
B                   0          0       0.00          0          0       0.00       0.00
C                   0          0       0.00          0          0       0.00       0.00
D                   0          0       0.00          0          0       0.00       0.00
E                   0          0       0.00          0          0       0.00       0.00
F                   0          0       0.00          0          0       0.00       0.00
G                   0          0       0.00          0          0       0.00       0.00
H                   0          0       0.00          0          0       0.00       0.00
W                   0          0       0.00          0          0       0.00       0.00
CR                  0          0       0.00          0          0       0.00       0.00

-- case yoff  (262144 steps)
formula       max err   mean err      %!=CR   max t<.1   max t>.9 %!=CR t<.1 %!=CR t>.9
---------------------------------------------------------------------------------------
A            7.63e-06   4.61e-06       0.00   9.54e-07   7.63e-06       0.00       0.00
A'           7.63e-06   4.61e-06       0.00   9.54e-07   7.63e-06       0.00       0.00
A''          7.63e-06   4.61e-06       0.00   9.54e-07   7.63e-06       0.00       0.00
B            7.63e-06   4.61e-06       0.00   9.54e-07   7.63e-06       0.00       0.00
C                   1      0.024       2.40          1   7.63e-06       0.63       0.00
D            7.63e-06   4.61e-06       0.00   9.54e-07   7.63e-06       0.00       0.00
E            7.63e-06   4.61e-06       0.00   9.54e-07   7.63e-06       0.00       0.00
F            7.63e-06   4.61e-06       0.00   9.54e-07   7.63e-06       0.00       0.00
G            7.63e-06   4.61e-06       0.00   9.54e-07   7.63e-06       0.00       0.00
H            7.63e-06   4.61e-06       0.00   9.54e-07   7.63e-06       0.00       0.00
W            7.63e-06   4.61e-06       0.00   9.54e-07   7.63e-06       0.00       0.00
CR           7.63e-06   4.61e-06       0.00   9.54e-07   7.63e-06       0.00       0.00

-- case sign  (262144 steps)
formula       max err   mean err      %!=CR   max t<.1   max t>.9 %!=CR t<.1 %!=CR t>.9
---------------------------------------------------------------------------------------
A               0.498     0.0121       0.00      0.498          0       0.00       0.00
A'              0.498     0.0121       0.00      0.498          0       0.00       0.00
A''             0.498     0.0121       0.00      0.498          0       0.00       0.00
B               0.996       0.11      21.08      0.996          0       2.03       0.00
C               0.996     0.0631      21.08      0.996          0       2.03       0.00
D               0.498     0.0121       0.00      0.498          0       0.00       0.00
E               0.498     0.0121       0.00      0.498          0       0.00       0.00
F               0.996     0.0631      21.08      0.996          0       2.03       0.00
G               0.498     0.0121       0.00      0.498          0       0.00       0.00
H               0.498     0.0121       0.00      0.498          0       0.00       0.00
W               0.498     0.0121       0.00      0.498          0       0.00       0.00
CR              0.498     0.0121       0.00      0.498          0       0.00       0.00

-- case flat  (262144 steps)
formula       max err   mean err      %!=CR   max t<.1   max t>.9 %!=CR t<.1 %!=CR t>.9
---------------------------------------------------------------------------------------
A                   0          0       0.00          0          0       0.00       0.00
A'                  0          0       0.00          0          0       0.00       0.00
A''                 0          0       0.00          0          0       0.00       0.00
B                   0          0       0.00          0          0       0.00       0.00
C                   1     0.0546       5.46          0          0       0.00       0.00
D                   0          0       0.00          0          0       0.00       0.00
E                   0          0       0.00          0          0       0.00       0.00
F                   0          0       0.00          0          0       0.00       0.00
G                   0          0       0.00          0          0       0.00       0.00
H                   0          0       0.00          0          0       0.00       0.00
W                   0          0       0.00          0          0       0.00       0.00
CR                  0          0       0.00          0          0       0.00       0.00

-- case steep  (1024 steps)
formula       max err   mean err      %!=CR   max t<.1   max t>.9 %!=CR t<.1 %!=CR t>.9
---------------------------------------------------------------------------------------
A                   0          0       0.00          0          0       0.00       0.00
A'                  0          0       0.00          0          0       0.00       0.00
A''                 0          0       0.00          0          0       0.00       0.00
B                   0          0       0.00          0          0       0.00       0.00
C                   0          0       0.00          0          0       0.00       0.00
D                   0          0       0.00          0          0       0.00       0.00
E                   0          0       0.00          0          0       0.00       0.00
F                   0          0       0.00          0          0       0.00       0.00
G                   0          0       0.00          0          0       0.00       0.00
H                   0          0       0.00          0          0       0.00       0.00
W                   0          0       0.00          0          0       0.00       0.00
CR                  0          0       0.00          0          0       0.00       0.00

-- case neg  (262144 steps)
formula       max err   mean err      %!=CR   max t<.1   max t>.9 %!=CR t<.1 %!=CR t>.9
---------------------------------------------------------------------------------------
A                1.72      0.444      49.71      0.188       1.12       0.00      87.51
A'               1.44      0.226      23.29      0.188      0.875       0.00       0.00
A''              1.44      0.226      23.29      0.188      0.875       0.00       0.00
B                1.99      0.431      52.10       1.44      0.875     100.00       0.00
C                1.44      0.295      36.13      0.188       1.12       0.00      37.47
D                1.44      0.226      23.29      0.188      0.875       0.00       0.00
E                1.12       0.22      23.20      0.188      0.875       0.00       0.00
F                1.44      0.228      24.58      0.188      0.875       0.00       0.00
G               0.875      0.195      17.98      0.188      0.875       0.00       0.00
H               0.875      0.184       0.00      0.188      0.875       0.00       0.00
W               0.875      0.184       0.00      0.188      0.875       0.00       0.00
CR              0.875      0.184       0.00      0.188      0.875       0.00       0.00

-- case odd  (262144 steps)
formula       max err   mean err      %!=CR   max t<.1   max t>.9 %!=CR t<.1 %!=CR t>.9
---------------------------------------------------------------------------------------
A                1.33      0.523      37.59      0.333       1.33       3.03      79.79
A'              0.667      0.334      27.52      0.167      0.667       0.00       0.00
A''              1.33      0.344      39.91      0.167      0.667       0.39      66.72
B                1.83      0.408      26.88       1.83      0.667      72.38       0.00
C                1.33      0.377      55.84      0.333       1.33      33.46      83.35
D                1.33      0.344      39.91      0.167      0.667       0.39      66.72
E                1.33      0.353       8.16      0.333      0.667       3.03       0.00
F                1.33      0.344      39.91      0.167      0.667       0.39      66.72
G               0.667      0.334      23.27      0.167      0.667       0.00       0.00
H               0.667      0.333       0.00      0.167      0.667       0.00       0.00
W               0.667      0.333       0.00      0.167      0.667       0.00       0.00
CR              0.667      0.333       0.00      0.167      0.667       0.00       0.00

-- case rand  (4775219 steps)
formula       max err   mean err      %!=CR   max t<.1   max t>.9 %!=CR t<.1 %!=CR t>.9
---------------------------------------------------------------------------------------
A                2.44      0.315      46.75       1.11       2.44      16.52      67.87
A'              0.999       0.13      18.35      0.969      0.976       4.11      22.60
A''              1.44      0.239      41.19      0.969       1.44      15.12      36.63
B                 2.2      0.274      38.21        2.2       1.07      45.49       9.09
C                2.44      0.316      50.97       1.52        2.1      36.91      51.46
D                1.44      0.239      41.19      0.969       1.44      15.12      36.63
E                1.56      0.189      31.88       1.11       1.07      16.52       9.09
F                1.93      0.252      43.29       1.89       1.44      24.61      35.44
G                1.11       0.13      12.39      0.969      0.976       4.11       3.85
H               0.997       0.13       0.00      0.969      0.976       0.00       0.00
W               0.997       0.13       0.00      0.969      0.976       0.00       0.00
CR              0.997       0.13       0.00      0.969      0.976       0.00       0.00

=============== double ===============

-- case unit  (262144 steps)
formula       max err   mean err      %!=CR   max t<.1   max t>.9 %!=CR t<.1 %!=CR t>.9
---------------------------------------------------------------------------------------
A                   0          0       0.00          0          0       0.00       0.00
A'                  0          0       0.00          0          0       0.00       0.00
A''                 0          0       0.00          0          0       0.00       0.00
B                   0          0       0.00          0          0       0.00       0.00
C                   0          0       0.00          0          0       0.00       0.00
D                   0          0       0.00          0          0       0.00       0.00
E                   0          0       0.00          0          0       0.00       0.00
F                   0          0       0.00          0          0       0.00       0.00
G                   0          0       0.00          0          0       0.00       0.00
H                   0          0       0.00          0          0       0.00       0.00
W                   0          0       0.00          0          0       0.00       0.00
CR                  0          0       0.00          0          0       0.00       0.00

-- case off  (128 steps)
formula       max err   mean err      %!=CR   max t<.1   max t>.9 %!=CR t<.1 %!=CR t>.9
---------------------------------------------------------------------------------------
A                   0          0       0.00          0          0       0.00       0.00
A'                  0          0       0.00          0          0       0.00       0.00
A''                 0          0       0.00          0          0       0.00       0.00
B                   0          0       0.00          0          0       0.00       0.00
C                   0          0       0.00          0          0       0.00       0.00
D                   0          0       0.00          0          0       0.00       0.00
E                   0          0       0.00          0          0       0.00       0.00
F                   0          0       0.00          0          0       0.00       0.00
G                   0          0       0.00          0          0       0.00       0.00
H                   0          0       0.00          0          0       0.00       0.00
W                   0          0       0.00          0          0       0.00       0.00
CR                  0          0       0.00          0          0       0.00       0.00

-- case yoff  (262144 steps)
formula       max err   mean err      %!=CR   max t<.1   max t>.9 %!=CR t<.1 %!=CR t>.9
---------------------------------------------------------------------------------------
A            1.42e-14   8.58e-15       0.00   1.78e-15   1.42e-14       0.00       0.00
A'           1.42e-14   8.58e-15       0.00   1.78e-15   1.42e-14       0.00       0.00
A''          1.42e-14   8.58e-15       0.00   1.78e-15   1.42e-14       0.00       0.00
B            1.42e-14   8.58e-15       0.00   1.78e-15   1.42e-14       0.00       0.00
C                   1     0.0238       2.38          1   1.42e-14       0.65       0.00
D            1.42e-14   8.58e-15       0.00   1.78e-15   1.42e-14       0.00       0.00
E            1.42e-14   8.58e-15       0.00   1.78e-15   1.42e-14       0.00       0.00
F            1.42e-14   8.58e-15       0.00   1.78e-15   1.42e-14       0.00       0.00
G            1.42e-14   8.58e-15       0.00   1.78e-15   1.42e-14       0.00       0.00
H            1.42e-14   8.58e-15       0.00   1.78e-15   1.42e-14       0.00       0.00
W            1.42e-14   8.58e-15       0.00   1.78e-15   1.42e-14       0.00       0.00
CR           1.42e-14   8.58e-15       0.00   1.78e-15   1.42e-14       0.00       0.00

-- case sign  (262144 steps)
formula       max err   mean err      %!=CR   max t<.1   max t>.9 %!=CR t<.1 %!=CR t>.9
---------------------------------------------------------------------------------------
A               0.496      0.012       0.00      0.496          0       0.00       0.00
A'              0.496      0.012       0.00      0.496          0       0.00       0.00
A''             0.496      0.012       0.00      0.496          0       0.00       0.00
B               0.998       0.11      21.10      0.998          0       2.04       0.00
C               0.998     0.0632      21.10      0.998          0       2.04       0.00
D               0.496      0.012       0.00      0.496          0       0.00       0.00
E               0.496      0.012       0.00      0.496          0       0.00       0.00
F               0.998     0.0632      21.10      0.998          0       2.04       0.00
G               0.496      0.012       0.00      0.496          0       0.00       0.00
H               0.496      0.012       0.00      0.496          0       0.00       0.00
W               0.496      0.012       0.00      0.496          0       0.00       0.00
CR              0.496      0.012       0.00      0.496          0       0.00       0.00

-- case flat  (262144 steps)
formula       max err   mean err      %!=CR   max t<.1   max t>.9 %!=CR t<.1 %!=CR t>.9
---------------------------------------------------------------------------------------
A                   0          0       0.00          0          0       0.00       0.00
A'                  0          0       0.00          0          0       0.00       0.00
A''                 0          0       0.00          0          0       0.00       0.00
B                   0          0       0.00          0          0       0.00       0.00
C                   1     0.0541       5.41          0          0       0.00       0.00
D                   0          0       0.00          0          0       0.00       0.00
E                   0          0       0.00          0          0       0.00       0.00
F                   0          0       0.00          0          0       0.00       0.00
G                   0          0       0.00          0          0       0.00       0.00
H                   0          0       0.00          0          0       0.00       0.00
W                   0          0       0.00          0          0       0.00       0.00
CR                  0          0       0.00          0          0       0.00       0.00

-- case steep  (1024 steps)
formula       max err   mean err      %!=CR   max t<.1   max t>.9 %!=CR t<.1 %!=CR t>.9
---------------------------------------------------------------------------------------
A                   0          0       0.00          0          0       0.00       0.00
A'                  0          0       0.00          0          0       0.00       0.00
A''                 0          0       0.00          0          0       0.00       0.00
B                   0          0       0.00          0          0       0.00       0.00
C                   0          0       0.00          0          0       0.00       0.00
D                   0          0       0.00          0          0       0.00       0.00
E                   0          0       0.00          0          0       0.00       0.00
F                   0          0       0.00          0          0       0.00       0.00
G                   0          0       0.00          0          0       0.00       0.00
H                   0          0       0.00          0          0       0.00       0.00
W                   0          0       0.00          0          0       0.00       0.00
CR                  0          0       0.00          0          0       0.00       0.00

-- case neg  (262144 steps)
formula       max err   mean err      %!=CR   max t<.1   max t>.9 %!=CR t<.1 %!=CR t>.9
---------------------------------------------------------------------------------------
A                1.72      0.436      49.43      0.188       1.12       0.00      87.51
A'               1.44      0.218      22.98      0.188      0.875       0.00       0.00
A''              1.44      0.218      22.98      0.188      0.875       0.00       0.00
B                   2      0.439      52.82       1.44      0.875     100.00       0.00
C                1.44      0.287      35.89      0.188       1.12       0.00      37.55
D                1.44      0.218      22.98      0.188      0.875       0.00       0.00
E                1.12      0.214      22.98      0.188      0.875       0.00       0.00
F                1.44       0.22      24.33      0.188      0.875       0.00       0.00
G               0.875      0.191      17.87      0.188      0.875       0.00       0.00
H               0.875      0.185       0.00      0.188      0.875       0.00       0.00
W               0.875      0.185       0.00      0.188      0.875       0.00       0.00
CR              0.875      0.185       0.00      0.188      0.875       0.00       0.00

-- case odd  (262144 steps)
formula       max err   mean err      %!=CR   max t<.1   max t>.9 %!=CR t<.1 %!=CR t>.9
---------------------------------------------------------------------------------------
A                1.33      0.448      36.71      0.333       1.33       0.16      33.50
A'               1.33      0.403      47.84      0.167      0.667       0.00      66.04
A''              1.33      0.452      51.48      0.167      0.667       0.00      66.04
B                1.83      0.442      51.79       1.83      0.667      71.87       0.00
C                1.33       0.41      53.09      0.333      0.667      33.36      66.96
D                1.33      0.452      51.48      0.167      0.667       0.00      66.04
E                1.33      0.401      29.68      0.333      0.667       0.16       0.00
F                1.33      0.452      51.48      0.167      0.667       0.00      66.04
G                1.33      0.369      25.28      0.167      0.667       0.00       0.00
H               0.667      0.334       0.00      0.167      0.667       0.00       0.00
W               0.667      0.334       0.00      0.167      0.667       0.00       0.00
CR              0.667      0.334       0.00      0.167      0.667       0.00       0.00

-- case rand  (4194304 steps)
formula       max err   mean err      %!=CR   max t<.1   max t>.9 %!=CR t<.1 %!=CR t>.9
---------------------------------------------------------------------------------------
A                 3.1       0.32      34.83       1.22        3.1       1.05      58.26
A'              0.999       0.17      16.77      0.952      0.976       0.96      19.97
A''              1.96       0.25      28.72      0.952       1.96       0.84      39.33
B                2.11      0.288      30.76       2.11        1.1      44.47       0.96
C                 2.1      0.305      44.14       1.52        2.1      29.68      49.68
D                1.96       0.25      28.72      0.952       1.96       0.84      39.33
E                1.22      0.219      17.66       1.22        1.1       1.05       0.96
F                1.96      0.272      34.46       1.78       1.96      17.88      39.20
G                1.29       0.17      10.93      0.952      0.976       0.96       0.67
H                   1       0.17       0.00      0.952      0.976       0.00       0.00
W               0.997       0.17       0.11      0.952      0.976       0.11       0.11
CR                  1       0.17       0.00      0.952      0.976       0.00       0.00
