t04: pointwise error by position t in the interval

=============== float ===============

-- case unit: max error per t bin, ulps of max(|y0|,|y1|)
formula       0.0-    0.1-    0.2-    0.3-    0.4-    0.5-    0.6-    0.7-    0.8-    0.9-  ulp(y)
--------------------------------------------------------------------------------------------------
A             0.00    0.00    0.00    0.00    0.00    0.00    0.00    0.00    0.00    0.00       0
A'            0.00    0.00    0.00    0.00    0.00    0.00    0.00    0.00    0.00    0.00       0
A''           0.00    0.00    0.00    0.00    0.00    0.00    0.00    0.00    0.00    0.00       0
B             0.00    0.00    0.00    0.00    0.00    0.00    0.00    0.00    0.00    0.00       0
C             0.00    0.00    0.00    0.00    0.00    0.00    0.00    0.00    0.00    0.00       0
D             0.00    0.00    0.00    0.00    0.00    0.00    0.00    0.00    0.00    0.00       0
E             0.00    0.00    0.00    0.00    0.00    0.00    0.00    0.00    0.00    0.00       0
F             0.00    0.00    0.00    0.00    0.00    0.00    0.00    0.00    0.00    0.00       0
CR            0.00    0.00    0.00    0.00    0.00    0.00    0.00    0.00    0.00    0.00       0

-- case off: max error per t bin, ulps of max(|y0|,|y1|)
formula       0.0-    0.1-    0.2-    0.3-    0.4-    0.5-    0.6-    0.7-    0.8-    0.9-  ulp(y)
--------------------------------------------------------------------------------------------------
A             0.00    0.00    0.00    0.00    0.00    0.00    0.00    0.00    0.00    0.00       0
A'            0.00    0.00    0.00    0.00    0.00    0.00    0.00    0.00    0.00    0.00       0
A''           0.00    0.00    0.00    0.00    0.00    0.00    0.00    0.00    0.00    0.00       0
B             0.00    0.00    0.00    0.00    0.00    0.00    0.00    0.00    0.00    0.00       0
C             0.00    0.00    0.00    0.00    0.00    0.00    0.00    0.00    0.00    0.00       0
D             0.00    0.00    0.00    0.00    0.00    0.00    0.00    0.00    0.00    0.00       0
E             0.00    0.00    0.00    0.00    0.00    0.00    0.00    0.00    0.00    0.00       0
F             0.00    0.00    0.00    0.00    0.00    0.00    0.00    0.00    0.00    0.00       0
CR            0.00    0.00    0.00    0.00    0.00    0.00    0.00    0.00    0.00    0.00       0

-- case yoff: max error per t bin, ulps of max(|y0|,|y1|)
formula       0.0-    0.1-    0.2-    0.3-    0.4-    0.5-    0.6-    0.7-    0.8-    0.9-  ulp(y)
--------------------------------------------------------------------------------------------------
A             0.50    0.50    0.50    0.50    0.50    0.50    0.50    0.50    0.50    0.50     0.5
A'            0.50    0.50    0.50    0.50    0.50    0.50    0.50    0.50    0.50    0.50     0.5
A''           0.50    0.50    0.50    0.50    0.50    0.50    0.50    0.50    0.50    0.50     0.5
B             0.50    0.50    0.50    0.50    0.50    0.50    0.50    0.50    0.50    0.50     0.5
C             0.78    0.81    0.87    0.87    0.87    0.75    0.75    0.75    0.75    0.75   0.875
D             0.50    0.50    0.50    0.50    0.50    0.50    0.50    0.50    0.50    0.50     0.5
E             0.50    0.50    0.50    0.50    0.50    0.50    0.50    0.50    0.50    0.50     0.5
F             0.50    0.50    0.50    0.50    0.50    0.50    0.50    0.50    0.50    0.50     0.5
CR            0.50    0.50    0.50    0.50    0.50    0.50    0.50    0.50    0.50    0.50     0.5

-- case sign: max error per t bin, ulps of max(|y0|,|y1|)
formula       0.0-    0.1-    0.2-    0.3-    0.4-    0.5-    0.6-    0.7-    0.8-    0.9-  ulp(y)
--------------------------------------------------------------------------------------------------
A             0.25    0.25    0.25    0.00    0.00    0.00    0.00    0.00    0.00    0.00     0.5
A'            0.25    0.25    0.25    0.00    0.00    0.00    0.00    0.00    0.00    0.00     0.5
A''           0.25    0.25    0.25    0.00    0.00    0.00    0.00    0.00    0.00    0.00     0.5
B             0.50    0.50    0.50    0.50    0.50    0.00    0.00    0.00    0.00    0.00 3.28e+04
C             0.50    0.50    0.50    0.25    0.25    0.00    0.00    0.00    0.00    0.00 1.64e+04
D             0.25    0.25    0.25    0.00    0.00    0.00    0.00    0.00    0.00    0.00     0.5
E             0.25    0.25    0.25    0.00    0.00    0.00    0.00    0.00    0.00    0.00     0.5
F             0.50    0.50    0.50    0.25    0.25    0.00    0.00    0.00    0.00    0.00 1.64e+04
CR            0.25    0.25    0.25    0.00    0.00    0.00    0.00    0.00    0.00    0.00     0.5

-- case flat: max error per t bin, ulps of max(|y0|,|y1|)
formula       0.0-    0.1-    0.2-    0.3-    0.4-    0.5-    0.6-    0.7-    0.8-    0.9-  ulp(y)
--------------------------------------------------------------------------------------------------
A             0.00    0.00    0.00    0.00    0.00    0.00    0.00    0.00    0.00    0.00       0
A'            0.00    0.00    0.00    0.00    0.00    0.00    0.00    0.00    0.00    0.00       0
A''           0.00    0.00    0.00    0.00    0.00    0.00    0.00    0.00    0.00    0.00       0
B             0.00    0.00    0.00    0.00    0.00    0.00    0.00    0.00    0.00    0.00       0
C             0.00    1.00    1.00    1.00    1.00    0.00    0.00    0.00    0.00    0.00       1
D             0.00    0.00    0.00    0.00    0.00    0.00    0.00    0.00    0.00    0.00       0
E             0.00    0.00    0.00    0.00    0.00    0.00    0.00    0.00    0.00    0.00       0
F             0.00    0.00    0.00    0.00    0.00    0.00    0.00    0.00    0.00    0.00       0
CR            0.00    0.00    0.00    0.00    0.00    0.00    0.00    0.00    0.00    0.00       0

-- case steep: max error per t bin, ulps of max(|y0|,|y1|)
formula       0.0-    0.1-    0.2-    0.3-    0.4-    0.5-    0.6-    0.7-    0.8-    0.9-  ulp(y)
--------------------------------------------------------------------------------------------------
A             0.00    0.00    0.00    0.00    0.00    0.00    0.00    0.00    0.00    0.00       0
A'            0.00    0.00    0.00    0.00    0.00    0.00    0.00    0.00    0.00    0.00       0
A''           0.00    0.00    0.00    0.00    0.00    0.00    0.00    0.00    0.00    0.00       0
B             0.00    0.00    0.00    0.00    0.00    0.00    0.00    0.00    0.00    0.00       0
C             0.00    0.00    0.00    0.00    0.00    0.00    0.00    0.00    0.00    0.00       0
D             0.00    0.00    0.00    0.00    0.00    0.00    0.00    0.00    0.00    0.00       0
E             0.00    0.00    0.00    0.00    0.00    0.00    0.00    0.00    0.00    0.00       0
F             0.00    0.00    0.00    0.00    0.00    0.00    0.00    0.00    0.00    0.00       0
CR            0.00    0.00    0.00    0.00    0.00    0.00    0.00    0.00    0.00    0.00       0

-- case neg: max error per t bin, ulps of max(|y0|,|y1|)
formula       0.0-    0.1-    0.2-    0.3-    0.4-    0.5-    0.6-    0.7-    0.8-    0.9-  ulp(y)
--------------------------------------------------------------------------------------------------
A             0.12    0.12    0.53    0.53    0.78    1.06    1.06    1.06    1.06    1.00 8.19e+04
A'            0.12    0.12    0.28    0.41    0.53    0.81    1.06    1.06    1.06    0.50     4.5
A''           0.12    0.12    0.28    0.41    0.53    0.81    1.06    1.06    1.06    0.50     4.5
B             1.56    1.56    1.06    1.06    1.06    0.78    0.69    0.69    0.62    0.50 3.44e+05
C             0.12    0.16    0.53    0.59    0.66    1.06    1.31    1.31    1.31    0.75 8.19e+04
D             0.12    0.12    0.28    0.41    0.53    0.81    1.06    1.06    1.06    0.50     4.5
E             0.12    0.12    0.53    0.53    0.78    0.78    0.69    0.69    0.62    0.50 8.19e+04
F             0.12    0.12    0.28    0.41    0.53    0.81    1.06    1.06    1.06    0.50 3.28e+04
CR            0.12    0.12    0.06    0.12    0.25    0.25    0.50    0.50    0.50    0.50     0.5

-- case odd: max error per t bin, ulps of max(|y0|,|y1|)
formula       0.0-    0.1-    0.2-    0.3-    0.4-    0.5-    0.6-    0.7-    0.8-    0.9-  ulp(y)
--------------------------------------------------------------------------------------------------
A             0.17    0.33    0.67    0.67    1.00    1.00    1.00    1.00    1.67    1.67    1.67
A'            0.08    0.17    0.50    0.50    0.67    0.67    0.67    0.67    0.67    0.33       1
A''           0.17    0.33    0.33    0.33    0.67    0.67    1.00    1.00    0.67    0.67       1
B             1.33    1.33    1.00    0.67    1.00    0.33    0.33    0.33    0.33    0.33    5.33
C             0.25    0.33    0.67    0.67    1.00    1.67    1.67    1.33    1.33    1.00    1.67
D             0.17    0.33    0.33    0.33    0.67    0.67    1.00    1.00    0.67    0.67       1
E             0.17    0.33    0.67    0.67    1.00    0.33    0.33    0.33    0.33    0.33    1.33
F             0.17    0.33    0.33    0.33    0.67    0.67    1.00    1.00    0.67    0.67       1
CR            0.08    0.17    0.17    0.17    0.33    0.33    0.33    0.33    0.33    0.33   0.333

-- case rand: max error per t bin, ulps of max(|y0|,|y1|)
formula       0.0-    0.1-    0.2-    0.3-    0.4-    0.5-    0.6-    0.7-    0.8-    0.9-  ulp(y)
--------------------------------------------------------------------------------------------------
A             0.82    1.01    1.02    1.42    1.52    2.04    2.75    2.84    2.91    3.07 8.01e+05
A'            0.59    0.73    0.88    0.98    0.97    1.07    1.30    1.46    1.85    2.01 1.3e+06
A''           0.69    0.84    0.94    0.95    0.96    1.54    1.76    2.10    2.21    2.31   2e+06
B             3.07    2.91    2.84    2.75    2.04    1.52    1.42    1.26    1.18    0.84 1.75e+06
C             0.98    1.12    1.26    1.19    1.12    1.40    1.55    1.76    1.77    1.76 1.21e+06
D             0.69    0.84    0.94    0.95    0.96    1.54    1.76    2.10    2.21    2.31   2e+06
E             0.82    1.01    1.02    1.42    1.52    1.52    1.42    1.26    1.18    0.84 3.67e+05
F             1.43    1.49    1.67    1.45    1.42    1.15    1.29    1.40    1.39    1.35 3.79e+05
CR            0.50    0.50    0.50    0.50    0.50    0.50    0.50    0.50    0.50    0.50     0.5

=============== double ===============

-- case unit: max error per t bin, ulps of max(|y0|,|y1|)
formula       0.0-    0.1-    0.2-    0.3-    0.4-    0.5-    0.6-    0.7-    0.8-    0.9-  ulp(y)
--------------------------------------------------------------------------------------------------
A             0.00    0.00    0.00    0.00    0.00    0.00    0.00    0.00    0.00    0.00       0
A'            0.00    0.00    0.00    0.00    0.00    0.00    0.00    0.00    0.00    0.00       0
A''           0.00    0.00    0.00    0.00    0.00    0.00    0.00    0.00    0.00    0.00       0
B             0.00    0.00    0.00    0.00    0.00    0.00    0.00    0.00    0.00    0.00       0
C             0.00    0.00    0.00    0.00    0.00    0.00    0.00    0.00    0.00    0.00       0
D             0.00    0.00    0.00    0.00    0.00    0.00    0.00    0.00    0.00    0.00       0
E             0.00    0.00    0.00    0.00    0.00    0.00    0.00    0.00    0.00    0.00       0
F             0.00    0.00    0.00    0.00    0.00    0.00    0.00    0.00    0.00    0.00       0
CR            0.00    0.00    0.00    0.00    0.00    0.00    0.00    0.00    0.00    0.00       0

-- case off: max error per t bin, ulps of max(|y0|,|y1|)
formula       0.0-    0.1-    0.2-    0.3-    0.4-    0.5-    0.6-    0.7-    0.8-    0.9-  ulp(y)
--------------------------------------------------------------------------------------------------
A             0.00    0.00    0.00    0.00    0.00    0.00    0.00    0.00    0.00    0.00       0
A'            0.00    0.00    0.00    0.00    0.00    0.00    0.00    0.00    0.00    0.00       0
A''           0.00    0.00    0.00    0.00    0.00    0.00    0.00    0.00    0.00    0.00       0
B             0.00    0.00    0.00    0.00    0.00    0.00    0.00    0.00    0.00    0.00       0
C             0.00    0.00    0.00    0.00    0.00    0.00    0.00    0.00    0.00    0.00       0
D             0.00    0.00    0.00    0.00    0.00    0.00    0.00    0.00    0.00    0.00       0
E             0.00    0.00    0.00    0.00    0.00    0.00    0.00    0.00    0.00    0.00       0
F             0.00    0.00    0.00    0.00    0.00    0.00    0.00    0.00    0.00    0.00       0
CR            0.00    0.00    0.00    0.00    0.00    0.00    0.00    0.00    0.00    0.00       0

-- case yoff: max error per t bin, ulps of max(|y0|,|y1|)
formula       0.0-    0.1-    0.2-    0.3-    0.4-    0.5-    0.6-    0.7-    0.8-    0.9-  ulp(y)
--------------------------------------------------------------------------------------------------
A             0.50    0.50    0.50    0.50    0.50    0.50    0.50    0.50    0.50    0.50     0.5
A'            0.50    0.50    0.50    0.50    0.50    0.50    0.50    0.50    0.50    0.50     0.5
A''           0.50    0.50    0.50    0.50    0.50    0.50    0.50    0.50    0.50    0.50     0.5
B             0.50    0.50    0.50    0.50    0.50    0.50    0.50    0.50    0.50    0.50     0.5
C             0.78    0.81    0.87    0.87    0.87    0.75    0.75    0.75    0.75    0.75   0.875
D             0.50    0.50    0.50    0.50    0.50    0.50    0.50    0.50    0.50    0.50     0.5
E             0.50    0.50    0.50    0.50    0.50    0.50    0.50    0.50    0.50    0.50     0.5
F             0.50    0.50    0.50    0.50    0.50    0.50    0.50    0.50    0.50    0.50     0.5
CR            0.50    0.50    0.50    0.50    0.50    0.50    0.50    0.50    0.50    0.50     0.5

-- case sign: max error per t bin, ulps of max(|y0|,|y1|)
formula       0.0-    0.1-    0.2-    0.3-    0.4-    0.5-    0.6-    0.7-    0.8-    0.9-  ulp(y)
--------------------------------------------------------------------------------------------------
A             0.25    0.25    0.25    0.00    0.00    0.00    0.00    0.00    0.00    0.00     0.5
A'            0.25    0.25    0.25    0.00    0.00    0.00    0.00    0.00    0.00    0.00     0.5
A''           0.25    0.25    0.25    0.00    0.00    0.00    0.00    0.00    0.00    0.00     0.5
B             0.50    0.50    0.50    0.50    0.50    0.00    0.00    0.00    0.00    0.00 1.64e+04
C             0.50    0.50    0.50    0.25    0.25    0.00    0.00    0.00    0.00    0.00 8.19e+03
D             0.25    0.25    0.25    0.00    0.00    0.00    0.00    0.00    0.00    0.00     0.5
E             0.25    0.25    0.25    0.00    0.00    0.00    0.00    0.00    0.00    0.00     0.5
F             0.50    0.50    0.50    0.25    0.25    0.00    0.00    0.00    0.00    0.00 8.19e+03
CR            0.25    0.25    0.25    0.00    0.00    0.00    0.00    0.00    0.00    0.00     0.5

-- case flat: max error per t bin, ulps of max(|y0|,|y1|)
formula       0.0-    0.1-    0.2-    0.3-    0.4-    0.5-    0.6-    0.7-    0.8-    0.9-  ulp(y)
--------------------------------------------------------------------------------------------------
A             0.00    0.00    0.00    0.00    0.00    0.00    0.00    0.00    0.00    0.00       0
A'            0.00    0.00    0.00    0.00    0.00    0.00    0.00    0.00    0.00    0.00       0
A''           0.00    0.00    0.00    0.00    0.00    0.00    0.00    0.00    0.00    0.00       0
B             0.00    0.00    0.00    0.00    0.00    0.00    0.00    0.00    0.00    0.00       0
C             0.00    1.00    1.00    1.00    1.00    0.00    0.00    0.00    0.00    0.00       1
D             0.00    0.00    0.00    0.00    0.00    0.00    0.00    0.00    0.00    0.00       0
E             0.00    0.00    0.00    0.00    0.00    0.00    0.00    0.00    0.00    0.00       0
F             0.00    0.00    0.00    0.00    0.00    0.00    0.00    0.00    0.00    0.00       0
CR            0.00    0.00    0.00    0.00    0.00    0.00    0.00    0.00    0.00    0.00       0

-- case steep: max error per t bin, ulps of max(|y0|,|y1|)
formula       0.0-    0.1-    0.2-    0.3-    0.4-    0.5-    0.6-    0.7-    0.8-    0.9-  ulp(y)
--------------------------------------------------------------------------------------------------
A             0.00    0.00    0.00    0.00    0.00    0.00    0.00    0.00    0.00    0.00       0
A'            0.00    0.00    0.00    0.00    0.00    0.00    0.00    0.00    0.00    0.00       0
A''           0.00    0.00    0.00    0.00    0.00    0.00    0.00    0.00    0.00    0.00       0
B             0.00    0.00    0.00    0.00    0.00    0.00    0.00    0.00    0.00    0.00       0
C             0.00    0.00    0.00    0.00    0.00    0.00    0.00    0.00    0.00    0.00       0
D             0.00    0.00    0.00    0.00    0.00    0.00    0.00    0.00    0.00    0.00       0
E             0.00    0.00    0.00    0.00    0.00    0.00    0.00    0.00    0.00    0.00       0
F             0.00    0.00    0.00    0.00    0.00    0.00    0.00    0.00    0.00    0.00       0
CR            0.00    0.00    0.00    0.00    0.00    0.00    0.00    0.00    0.00    0.00       0

-- case neg: max error per t bin, ulps of max(|y0|,|y1|)
formula       0.0-    0.1-    0.2-    0.3-    0.4-    0.5-    0.6-    0.7-    0.8-    0.9-  ulp(y)
--------------------------------------------------------------------------------------------------
A             0.12    0.12    0.25    0.25    0.50    0.50    0.50    0.50    1.00    1.00 9.83e+04
A'            0.12    0.12    0.06    0.12    0.25    0.25    0.50    0.50    0.50    0.50     0.5
A''           0.12    0.12    0.06    0.12    0.25    0.25    0.50    0.50    0.50    0.50     0.5
B             1.56    1.56    1.06    1.06    1.06    0.50    0.62    0.62    0.62    0.50 1.64e+05
C             0.12    0.16    0.31    0.31    0.38    0.62    0.75    0.75    0.75    0.75 4.1e+04
D             0.12    0.12    0.06    0.12    0.25    0.25    0.50    0.50    0.50    0.50     0.5
E             0.12    0.12    0.25    0.25    0.50    0.50    0.62    0.62    0.62    0.50 9.83e+04
F             0.12    0.12    0.12    0.12    0.31    0.25    0.50    0.50    0.50    0.50 6.55e+04
CR            0.12    0.12    0.06    0.12    0.25    0.25    0.50    0.50    0.50    0.50     0.5

-- case odd: max error per t bin, ulps of max(|y0|,|y1|)
formula       0.0-    0.1-    0.2-    0.3-    0.4-    0.5-    0.6-    0.7-    0.8-    0.9-  ulp(y)
--------------------------------------------------------------------------------------------------
A             0.27    0.47    0.49    0.85    1.21    1.23    1.24    0.74    0.72    0.69    2.39
A'            0.11    0.30    0.32    0.35    0.87    0.90    1.25    0.62    0.64    0.67    1.72
A''           0.11    0.30    0.49    0.52    1.21    1.23    1.25    0.74    0.64    0.67    1.39
B             1.92    1.89    1.53    1.17    0.82    0.79    0.77    0.74    0.72    0.36    7.67
C             0.19    0.38    0.49    0.52    0.87    1.23    1.25    0.74    0.72    0.69    1.72
D             0.11    0.30    0.49    0.52    1.21    1.23    1.25    0.74    0.64    0.67    1.39
E             0.27    0.47    0.49    0.85    1.21    0.79    0.77    0.74    0.72    0.36    2.39
F             0.11    0.30    0.49    0.52    1.21    1.23    1.25    0.74    0.64    0.67    1.39
CR            0.11    0.22    0.20    0.18    0.47    0.46    0.43    0.41    0.38    0.36   0.474

-- case rand: max error per t bin, ulps of max(|y0|,|y1|)
formula       0.0-    0.1-    0.2-    0.3-    0.4-    0.5-    0.6-    0.7-    0.8-    0.9-  ulp(y)
--------------------------------------------------------------------------------------------------
A             0.84    1.01    0.98    1.42    1.53    2.13    2.73    2.87    2.98    3.04 4.88e+06
A'            0.61    0.69    0.78    0.79    0.93    1.31    1.45    1.58    1.72    1.86 3.13e+06
A''           0.68    0.84    0.95    0.97    0.98    1.55    1.76    2.08    2.20    2.30 3.27e+06
B             3.04    2.95    2.86    2.77    2.03    1.53    1.43    1.25    1.21    0.85 1.41e+06
C             1.02    1.13    1.28    1.20    1.26    1.48    1.54    1.77    1.82    1.80 3.01e+06
D             0.68    0.84    0.95    0.97    0.98    1.55    1.76    2.08    2.20    2.30 3.27e+06
E             0.84    1.01    0.98    1.42    1.53    1.53    1.43    1.25    1.21    0.85 1.41e+06
F             1.44    1.52    1.62    1.60    1.45    1.26    1.32    1.42    1.43    1.47 2.55e+06
CR            0.50    0.50    0.50    0.50    0.50    0.50    0.50    0.50    0.50    0.50     0.5

all guaranteed-property checks passed
