t07: staircase effect over consecutive representable x

=============== float ===============

Steps equal to the CR step (%), by probe position:
formula         t~0     t~.5      t~1      x~0      y~0     rand      all
-------------------------------------------------------------------------
A             81.88    47.07    46.86    74.85     8.53    53.24    53.01
A'            89.58    71.10    71.94    74.84    66.55    75.69    76.59
A''           85.71    50.09    57.68    74.85    12.60    59.86    58.26
B             44.18    52.73    95.49    74.85    12.76    57.53    52.72
C             62.46    44.51    47.33    74.85     9.35    46.85    45.99
D             85.71    50.09    57.68    74.85    12.60    59.86    58.26
E             83.31    52.73    95.49    74.83    14.19    66.50    65.26
F             69.36    49.69    59.09    74.85    10.88    55.87    52.93
G             90.05    73.59    97.48    74.82    69.56    80.68    82.40
H            100.00   100.00   100.00   100.00    99.18   100.00    99.90
W            100.00   100.00   100.00   100.00   100.00   100.00   100.00
CR           100.00   100.00   100.00   100.00   100.00   100.00   100.00

All probes (2100927 steps): stalls = flat steps where CR moves; dev = |y - CR| in ulps;
extra flat = longest flat run minus CR's longest flat run on the same probe
formula            %=CR       stalls    backwards      max dev   extra flat
---------------------------------------------------------------------------
A                53.015        16398            0     9.22e+08         1194
A'               76.590        13591            0     1.82e+09         1022
A''              58.264        13032            0     1.79e+09         1194
B                52.723        16739            0     1.82e+09         1139
C                45.987        20277         1384     1.81e+09         1194
D                58.264        13032            0     1.79e+09         1194
E                65.262         8883            0     9.14e+08         1022
F                52.931        13865            0      1.8e+09         1194
G                82.398         8262            1     1.82e+09         1022
H                99.897            0            0     3.97e+03            0
W                99.998            0            0            1            0
CR              100.000            0            0            0            0

successive steps of y in ulps, yoff t~.5 (x from 0.5):
  A     0  0  0  0  0  0  0  0  0  0  0  0  0  0  0  0  0  0  0  0  0  0  0  0  0  0  0  0  0  0  0  0
  A'    0  0  0  0  0  0  0  0  0  0  0  0  0  0  0  0  0  0  0  0  0  0  0  0  0  0  0  0  0  0  0  0
  A''   0  0  0  0  0  0  0  0  0  0  0  0  0  0  0  0  0  0  0  0  0  0  0  0  0  0  0  0  0  0  0  0
  B     0  0  0  0  0  0  0  0  0  0  0  0  0  0  0  0  0  0  0  0  0  0  0  0  0  0  0  0  0  0  0  0
  C     0  0  0  0  0  0  0  0  0  0  0  0  0  0  0  0  0  0  0  0  0  0  0  0  0  0  0  0  0  0  0  0
  D     0  0  0  0  0  0  0  0  0  0  0  0  0  0  0  0  0  0  0  0  0  0  0  0  0  0  0  0  0  0  0  0
  E     0  0  0  0  0  0  0  0  0  0  0  0  0  0  0  0  0  0  0  0  0  0  0  0  0  0  0  0  0  0  0  0
  F     0  0  0  0  0  0  0  0  0  0  0  0  0  0  0  0  0  0  0  0  0  0  0  0  0  0  0  0  0  0  0  0
  G     0  0  0  0  0  0  0  0  0  0  0  0  0  0  0  0  0  0  0  0  0  0  0  0  0  0  0  0  0  0  0  0
  H     0  0  0  0  0  0  0  0  0  0  0  0  0  0  0  0  0  0  0  0  0  0  0  0  0  0  0  0  0  0  0  0
  W     0  0  0  0  0  0  0  0  0  0  0  0  0  0  0  0  0  0  0  0  0  0  0  0  0  0  0  0  0  0  0  0
  CR    0  0  0  0  0  0  0  0  0  0  0  0  0  0  0  0  0  0  0  0  0  0  0  0  0  0  0  0  0  0  0  0

successive steps of y in ulps, neg t~1 (x from 4.84000015):
  A    -2 -2  0 -2  0 -2  0 -2 -2  0 -2  0 -2  0 -2 -2  0 -2  0 -2  0 -2  0 -2 -2  0 -2  0 -2  0 -2  0
  A'   -1 -1 -1 -2 -1 -1 -1 -1 -1 -1 -1 -1 -2 -1 -1 -1 -1 -1 -1 -2 -1 -1 -1 -1 -1 -1 -1 -1 -2 -1 -1 -1
  A''  -1 -1 -1 -2 -1 -1 -1 -1 -1 -1 -1 -1 -2 -1 -1 -1 -1 -1 -1 -2 -1 -1 -1 -1 -1 -1 -1 -1 -2 -1 -1 -1
  B    -1 -1 -1 -2 -1 -1 -1 -1 -1 -1 -1 -1 -2 -1 -1 -1 -1 -1 -1 -2 -1 -1 -1 -1 -1 -1 -1 -1 -2 -1 -1 -1
  C    -1 -2 -1  0 -1 -2 -1 -1 -1 -1 -2 -1  0 -1 -2 -1 -1 -2 -1  0 -1 -2 -1 -1 -1 -1 -2 -1  0 -1 -2 -1
  D    -1 -1 -1 -2 -1 -1 -1 -1 -1 -1 -1 -1 -2 -1 -1 -1 -1 -1 -1 -2 -1 -1 -1 -1 -1 -1 -1 -1 -2 -1 -1 -1
  E    -1 -1 -1 -2 -1 -1 -1 -1 -1 -1 -1 -1 -2 -1 -1 -1 -1 -1 -1 -2 -1 -1 -1 -1 -1 -1 -1 -1 -2 -1 -1 -1
  F    -1 -1 -1 -2 -1 -1 -1 -1 -1 -1 -1 -1 -2 -1 -1 -1 -1 -1 -1 -2 -1 -1 -1 -1 -1 -1 -1 -1 -2 -1 -1 -1
  G    -1 -1 -1 -2 -1 -1 -1 -1 -1 -1 -1 -1 -2 -1 -1 -1 -1 -1 -1 -2 -1 -1 -1 -1 -1 -1 -1 -1 -2 -1 -1 -1
  H    -1 -1 -1 -2 -1 -1 -1 -1 -1 -1 -1 -1 -2 -1 -1 -1 -1 -1 -1 -2 -1 -1 -1 -1 -1 -1 -1 -1 -2 -1 -1 -1
  W    -1 -1 -1 -2 -1 -1 -1 -1 -1 -1 -1 -1 -2 -1 -1 -1 -1 -1 -1 -2 -1 -1 -1 -1 -1 -1 -1 -1 -2 -1 -1 -1
  CR   -1 -1 -1 -2 -1 -1 -1 -1 -1 -1 -1 -1 -2 -1 -1 -1 -1 -1 -1 -2 -1 -1 -1 -1 -1 -1 -1 -1 -2 -1 -1 -1

successive steps of y in ulps, odd t~.5 (x from 0.399999976):
  A     1  1  0  1  1  0  2  0  0  1  1  0  1  1  0  1  1  0  1  1  0  2  0  0  1  1  0  1  1  0  1  1
  A'    0  1  1  0  1  1  0  1  1  0  1  1  0  1  1  0  1  1  0  1  1  0  1  1  0  1  1  0  1  1  0  1
  A''   1  1  1  0  1  0  1  1  1  0  1  0  1  1  1  0  1  0  1  1  1  0  1  0  1  1  1  0  1  0  1  1
  B     1  1  0  1  1  0  1  1  0  1  1  0  1  1  0  1  1  0  1  1  0  1  1  0  1  1  0  1  1  0  1  1
  C     1  0  1  0  1  0  1  1  1  0  1  1  1  0  1  0  1  0  1  1  1  0  1  1  1  0  1  0  1  0  1  1
  D     1  1  1  0  1  0  1  1  1  0  1  0  1  1  1  0  1  0  1  1  1  0  1  0  1  1  1  0  1  0  1  1
  E     1  1  0  1  1  0  1  1  0  1  1  0  1  1  0  1  1  0  1  1  0  1  1  0  1  1  0  1  1  0  1  1
  F     1  1  1  0  1  0  1  1  1  0  1  0  1  1  1  0  1  0  1  1  1  0  1  0  1  1  1  0  1  0  1  1
  G     0  0  1  1  0  1  1  0  1  1  0  1  1  0  1  1  0  1  1  0  1  1  0  1  1  0  1  1  0  1  1  0
  H     1  1  0  1  1  0  1  1  0  1  1  0  1  1  0  1  1  0  1  1  0  1  1  0  1  1  0  1  1  0  1  1
  W     1  1  0  1  1  0  1  1  0  1  1  0  1  1  0  1  1  0  1  1  0  1  1  0  1  1  0  1  1  0  1  1
  CR    1  1  0  1  1  0  1  1  0  1  1  0  1  1  0  1  1  0  1  1  0  1  1  0  1  1  0  1  1  0  1  1

successive steps of y in ulps, cross x~0 (x from 0.0009765625):
  A     0  0  0  0  0  0  0  0  0  0  0  0  0  0  0  0  0  0  0  0  0  0  0  0  0  0  0  0  0  0  0  0
  A'    0  0  0  0  0  0  0  0  0  0  0  0  0  0  0  0  0  0  0  0  0  0  0  0  0  0  0  0  0  0  0  0
  A''   0  0  0  0  0  0  0  0  0  0  0  0  0  0  0  0  0  0  0  0  0  0  0  0  0  0  0  0  0  0  0  0
  B     0  0  0  0  0  0  0  0  0  0  0  0  0  0  0  0  0  0  0  0  0  0  0  0  0  0  0  0  0  0  0  0
  C     0  0  0  0  0  0  0  0  0  0  0  0  0  0  0  0  0  0  0  0  0  0  0  0  0  0  0  0  0  0  0  0
  D     0  0  0  0  0  0  0  0  0  0  0  0  0  0  0  0  0  0  0  0  0  0  0  0  0  0  0  0  0  0  0  0
  E     0  0  0  0  0  0  0  0  0  0  0  0  0  0  0  0  0  0  0  0  0  0  0  0  0  0  0  0  0  0  0  0
  F     0  0  0  0  0  0  0  0  0  0  0  0  0  0  0  0  0  0  0  0  0  0  0  0  0  0  0  0  0  0  0  0
  G     0  0  0  0  0  0  0  0  0  0  0  0  0  0  0  0  0  0  0  0  0  0  0  0  0  0  0  0  0  0  0  0
  H     1  1  1  1  1  1  1  1  1  1  1  1  1  1  1  1  1  1  1  1  1  1  1  1  1  1  1  1  1  1  1  1
  W     1  1  1  1  1  1  1  1  1  1  1  1  1  1  1  1  1  1  1  1  1  1  1  1  1  1  1  1  1  1  1  1
  CR    1  1  1  1  1  1  1  1  1  1  1  1  1  1  1  1  1  1  1  1  1  1  1  1  1  1  1  1  1  1  1  1

=============== double ===============

Steps equal to the CR step (%), by probe position:
formula         t~0     t~.5      t~1      x~0      y~0     rand      all
-------------------------------------------------------------------------
A             93.77    47.14    43.67    74.85     1.23    53.96    52.87
A'            95.73    75.70    70.79    74.84    65.31    74.40    77.55
A''           95.63    47.09    56.26    74.85     1.84    58.79    57.16
B             40.95    48.12    93.58    74.85     1.21    54.63    52.56
C             67.79    42.56    45.92    74.85     1.21    45.77    44.82
D             95.63    47.09    56.26    74.85     1.84    58.79    57.16
E             93.77    48.11    93.58    74.84     1.23    65.65    66.64
F             73.55    47.07    57.76    74.85     1.21    54.79    51.66
G             95.73    76.04    96.49    74.82    66.05    79.30    84.45
H            100.00   100.00   100.00   100.00    99.38   100.00    99.93
W             99.95    99.74    99.95    99.95     1.84    99.87    88.37
CR           100.00   100.00   100.00   100.00   100.00   100.00   100.00

All probes (2844346 steps): stalls = flat steps where CR moves; dev = |y - CR| in ulps;
extra flat = longest flat run minus CR's longest flat run on the same probe
formula            %=CR       stalls    backwards      max dev   extra flat
---------------------------------------------------------------------------
A                52.865        16574            0      8.8e+18         1022
A'               77.547        13554            0      8.8e+18         1022
A''              57.163        13766            0      8.8e+18         1193
B                52.557        17567            0      4.4e+18         1139
C                44.824        20393         1385     8.79e+18         1193
D                57.163        13766            0      8.8e+18         1193
E                66.637         9718            0      4.4e+18         1022
F                51.660        14544            0     8.79e+18         1193
G                84.448         8020            0     8.76e+18         1022
H                99.927            0            0     3.97e+03            0
W                88.370           14            0      5.1e+12            1
CR              100.000            0            0            0            0

successive steps of y in ulps, yoff t~.5 (x from 0.5):
  A     0  0  0  0  0  0  0  0  0  0  0  0  0  0  0  0  0  0  0  0  0  0  0  0  0  0  0  0  0  0  0  0
  A'    0  0  0  0  0  0  0  0  0  0  0  0  0  0  0  0  0  0  0  0  0  0  0  0  0  0  0  0  0  0  0  0
  A''   0  0  0  0  0  0  0  0  0  0  0  0  0  0  0  0  0  0  0  0  0  0  0  0  0  0  0  0  0  0  0  0
  B     0  0  0  0  0  0  0  0  0  0  0  0  0  0  0  0  0  0  0  0  0  0  0  0  0  0  0  0  0  0  0  0
  C     0  0  0  0  0  0  0  0  0  0  0  0  0  0  0  0  0  0  0  0  0  0  0  0  0  0  0  0  0  0  0  0
  D     0  0  0  0  0  0  0  0  0  0  0  0  0  0  0  0  0  0  0  0  0  0  0  0  0  0  0  0  0  0  0  0
  E     0  0  0  0  0  0  0  0  0  0  0  0  0  0  0  0  0  0  0  0  0  0  0  0  0  0  0  0  0  0  0  0
  F     0  0  0  0  0  0  0  0  0  0  0  0  0  0  0  0  0  0  0  0  0  0  0  0  0  0  0  0  0  0  0  0
  G     0  0  0  0  0  0  0  0  0  0  0  0  0  0  0  0  0  0  0  0  0  0  0  0  0  0  0  0  0  0  0  0
  H     0  0  0  0  0  0  0  0  0  0  0  0  0  0  0  0  0  0  0  0  0  0  0  0  0  0  0  0  0  0  0  0
  W     0  0  0  0  0  0  0  0  0  0  0  0  0  0  0  0  0  0  0  0  0  0  0  0  0  0  0  0  0  0  0  0
  CR    0  0  0  0  0  0  0  0  0  0  0  0  0  0  0  0  0  0  0  0  0  0  0  0  0  0  0  0  0  0  0  0

successive steps of y in ulps, neg t~1 (x from 4.8399999999999999):
  A     0 -2  0 -2 -2  0 -2  0 -2  0 -2  0 -2 -2  0 -2  0 -2  0 -2 -2  0 -2  0 -2  0 -2 -2  0 -2  0 -2
  A'   -1 -1 -1 -1 -1 -1 -1 -1 -2 -1 -1 -1 -1 -1 -1 -2 -1 -1 -1 -1 -1 -1 -1 -1 -2 -1 -1 -1 -1 -1 -1 -2
  A''  -1 -1 -1 -1 -1 -1 -1 -1 -2 -1 -1 -1 -1 -1 -1 -2 -1 -1 -1 -1 -1 -1 -1 -1 -2 -1 -1 -1 -1 -1 -1 -2
  B    -1 -1 -1 -1 -1 -1 -1 -1 -2 -1 -1 -1 -1 -1 -1 -2 -1 -1 -1 -1 -1 -1 -1 -1 -2 -1 -1 -1 -1 -1 -1 -2
  C    -1 -2 -1 -1 -1 -1 -2 -1  0 -1 -2 -1 -1 -2 -1  0 -1 -2 -1 -1 -1 -1 -2 -1  0 -1 -2 -1 -1 -2 -1  0
  D    -1 -1 -1 -1 -1 -1 -1 -1 -2 -1 -1 -1 -1 -1 -1 -2 -1 -1 -1 -1 -1 -1 -1 -1 -2 -1 -1 -1 -1 -1 -1 -2
  E    -1 -1 -1 -1 -1 -1 -1 -1 -2 -1 -1 -1 -1 -1 -1 -2 -1 -1 -1 -1 -1 -1 -1 -1 -2 -1 -1 -1 -1 -1 -1 -2
  F    -1 -1 -1 -1 -1 -1 -1 -1 -2 -1 -1 -1 -1 -1 -1 -2 -1 -1 -1 -1 -1 -1 -1 -1 -2 -1 -1 -1 -1 -1 -1 -2
  G    -1 -1 -1 -1 -1 -1 -1 -1 -2 -1 -1 -1 -1 -1 -1 -2 -1 -1 -1 -1 -1 -1 -1 -1 -2 -1 -1 -1 -1 -1 -1 -2
  H    -1 -1 -1 -1 -1 -1 -1 -1 -2 -1 -1 -1 -1 -1 -1 -2 -1 -1 -1 -1 -1 -1 -1 -1 -2 -1 -1 -1 -1 -1 -1 -2
  W    -1 -1 -1 -1 -1 -1 -1 -1 -2 -1 -1 -1 -1 -1 -1 -2 -1 -1 -1 -1 -1 -1 -1 -1 -2 -1 -1 -1 -1 -1 -1 -2
  CR   -1 -1 -1 -1 -1 -1 -1 -1 -2 -1 -1 -1 -1 -1 -1 -2 -1 -1 -1 -1 -1 -1 -1 -1 -2 -1 -1 -1 -1 -1 -1 -2

successive steps of y in ulps, odd t~.5 (x from 0.40000000000000002):
  A     0  1  0  1  0  2  0  1  0  2  0  1  0  1  0  1  0  2  0  1  0  2  0  1  0  1  0  2  0  1  0  1
  A'    0  1  0  2  0  1  0  1  0  2  0  1  0  1  0  2  0  1  0  1  0  2  0  1  0  1  0  2  0  1  0  1
  A''   0  2  0  0  0  2  0  2  0  0  0  2  0  2  0  0  0  2  0  2  0  0  0  2  0  2  0  0  0  2  0  2
  B     1  1  0  1  1  0  1  1  0  0  2  0  1  1  0  1  1  0  1  1  0  1  1  0  0  2  0  1  1  0  1  1
  C     0  2  0  1  0  1  0  2  0  1  0  1  0  2  0  1  0  1  0  2  0  1  0  1  0  2  0  1  0  1  0  2
  D     0  2  0  0  0  2  0  2  0  0  0  2  0  2  0  0  0  2  0  2  0  0  0  2  0  2  0  0  0  2  0  2
  E     1  1  0  1  1  0  1  1  0  0  2  0  1  1  0  1  1  0  1  1  0  1  1  0  0  2  0  1  1  0  1  1
  F     0  2  0  0  0  2  0  2  0  0  0  2  0  2  0  0  0  2  0  2  0  0  0  2  0  2  0  0  0  2  0  2
  G     1  1  0  1  1  0  1  1  0  1  1  0  1  1  0  1  1  0  1  1  0  1  1  0  1  1  0  1  1  0  1  1
  H     1  0  1  1  0  1  1  0  1  1  0  1  1  0  1  1  0  1  1  0  1  1  0  1  1  0  1  1  0  1  1  0
  W     1  0  1  1  0  1  1  0  1  1  0  1  1  0  1  1  0  1  1  0  1  1  0  1  1  0  1  1  0  1  1  0
  CR    1  0  1  1  0  1  1  0  1  1  0  1  1  0  1  1  0  1  1  0  1  1  0  1  1  0  1  1  0  1  1  0

successive steps of y in ulps, cross x~0 (x from 0.0009765625):
  A     0  0  0  0  0  0  0  0  0  0  0  0  0  0  0  0  0  0  0  0  0  0  0  0  0  0  0  0  0  0  0  0
  A'    0  0  0  0  0  0  0  0  0  0  0  0  0  0  0  0  0  0  0  0  0  0  0  0  0  0  0  0  0  0  0  0
  A''   0  0  0  0  0  0  0  0  0  0  0  0  0  0  0  0  0  0  0  0  0  0  0  0  0  0  0  0  0  0  0  0
  B     0  0  0  0  0  0  0  0  0  0  0  0  0  0  0  0  0  0  0  0  0  0  0  0  0  0  0  0  0  0  0  0
  C     0  0  0  0  0  0  0  0  0  0  0  0  0  0  0  0  0  0  0  0  0  0  0  0  0  0  0  0  0  0  0  0
  D     0  0  0  0  0  0  0  0  0  0  0  0  0  0  0  0  0  0  0  0  0  0  0  0  0  0  0  0  0  0  0  0
  E     0  0  0  0  0  0  0  0  0  0  0  0  0  0  0  0  0  0  0  0  0  0  0  0  0  0  0  0  0  0  0  0
  F     0  0  0  0  0  0  0  0  0  0  0  0  0  0  0  0  0  0  0  0  0  0  0  0  0  0  0  0  0  0  0  0
  G     0  0  0  0  0  0  0  0  0  0  0  0  0  0  0  0  0  0  0  0  0  0  0  0  0  0  0  0  0  0  0  0
  H     1  1  1  1  1  1  1  1  1  1  1  1  1  1  1  1  1  1  1  1  1  1  1  1  1  1  1  1  1  1  1  1
  W     1  1  1  1  1  1  1  1  1  1  1  1  1  1  1  1  1  1  1  1  1  1  1  1  1  1  1  1  1  1  1  1
  CR    1  1  1  1  1  1  1  1  1  1  1  1  1  1  1  1  1  1  1  1  1  1  1  1  1  1  1  1  1  1  1  1
