t07: staircase effect over consecutive representable x

=============== float ===============

Steps equal to the CR step (%), by probe position:
formula         t~0     t~.5      t~1      x~0      y~0     rand      all
-------------------------------------------------------------------------
A             81.88    47.07    46.86    74.85     8.53    53.24    53.01
A'            83.27    51.94    52.35    74.85    10.63    57.96    56.66
A''           81.80    44.92    49.44    74.85     8.47    53.83    52.95
B             44.18    52.73    95.49    74.85    12.76    57.53    52.72
C             50.83    40.50    47.33    74.85     9.31    42.68    40.99
D             85.71    50.09    57.68    74.85    12.60    59.86    58.26
E             83.31    52.73    95.49    74.83    14.19    66.50    65.26
F             67.59    45.38    51.67    74.85     9.31    50.73    49.03
G             90.05    73.59    97.48    74.82    69.56    80.68    82.40
H             85.25    58.76    96.08    74.83    17.41    70.39    68.60
H'            84.72    57.09    95.56    74.83    16.66    69.26    67.63
L             83.25    51.99    52.48    74.85    10.60    58.00    56.69
W            100.00   100.00   100.00   100.00   100.00   100.00   100.00
CR           100.00   100.00   100.00   100.00   100.00   100.00   100.00

All probes (2100929 steps): stalls = flat steps where CR moves; dev = |y - CR| in ulps;
extra flat = longest flat run minus CR's longest flat run on the same probe
formula            %=CR       stalls    backwards      max dev   extra flat
---------------------------------------------------------------------------
A                53.015        16399            0     9.22e+08         1194
A'               56.656        16957            0     9.22e+08         1194
A''              52.953        17246            0     9.22e+08         1194
B                52.723        16739            0     1.82e+09         1139
C                40.991        22174         2221      1.8e+09         1194
D                58.264        13032            0     1.79e+09         1194
E                65.262         8883            0     9.14e+08         1022
F                49.028        16767            0      1.8e+09         1194
G                82.398         8263            1     1.82e+09         1022
H                68.601         8462            1     1.83e+09         1022
H'               67.633         8999            1     1.83e+09         1022
L                56.689        16968            0     1.81e+09         1194
W                99.998            0            0            1            0
CR              100.000            0            0            0            0

successive steps of y in ulps, yoff t~.5 (x from 0.5):
  A     0  0  0  0  0  0  0  0  0  0  0  0  0  0  0  0  0  0  0  0  0  0  0  0  0  0  0  0  0  0  0  0
  A'    0  0  0  0  0  0  0  0  0  0  0  0  0  0  0  0  0  0  0  0  0  0  0  0  0  0  0  0  0  0  0  0
  A''   0  0  0  0  0  0  0  0  0  0  0  0  0  0  0  0  0  0  0  0  0  0  0  0  0  0  0  0  0  0  0  0
  B     0  0  0  0  0  0  0  0  0  0  0  0  0  0  0  0  0  0  0  0  0  0  0  0  0  0  0  0  0  0  0  0
  C     0  0  0  0  0  0  0  0  0  0  0  0  0  0  0  0  0  0  0  0  0  0  0  0  0  0  0  0  0  0  0  0
  D     0  0  0  0  0  0  0  0  0  0  0  0  0  0  0  0  0  0  0  0  0  0  0  0  0  0  0  0  0  0  0  0
  E     0  0  0  0  0  0  0  0  0  0  0  0  0  0  0  0  0  0  0  0  0  0  0  0  0  0  0  0  0  0  0  0
  F     0  0  0  0  0  0  0  0  0  0  0  0  0  0  0  0  0  0  0  0  0  0  0  0  0  0  0  0  0  0  0  0
  G     0  0  0  0  0  0  0  0  0  0  0  0  0  0  0  0  0  0  0  0  0  0  0  0  0  0  0  0  0  0  0  0
  H     0  0  0  0  0  0  0  0  0  0  0  0  0  0  0  0  0  0  0  0  0  0  0  0  0  0  0  0  0  0  0  0
  H'    0  0  0  0  0  0  0  0  0  0  0  0  0  0  0  0  0  0  0  0  0  0  0  0  0  0  0  0  0  0  0  0
  L     0  0  0  0  0  0  0  0  0  0  0  0  0  0  0  0  0  0  0  0  0  0  0  0  0  0  0  0  0  0  0  0
  W     0  0  0  0  0  0  0  0  0  0  0  0  0  0  0  0  0  0  0  0  0  0  0  0  0  0  0  0  0  0  0  0
  CR    0  0  0  0  0  0  0  0  0  0  0  0  0  0  0  0  0  0  0  0  0  0  0  0  0  0  0  0  0  0  0  0

successive steps of y in ulps, neg t~1 (x from 4.84000015):
  A    -2 -2  0 -2  0 -2  0 -2 -2  0 -2  0 -2  0 -2 -2  0 -2  0 -2  0 -2  0 -2 -2  0 -2  0 -2  0 -2  0
  A'   -2 -2  0 -2  0 -2  0 -2 -2  0 -2  0 -2  0 -2 -2  0 -2  0 -2  0 -2  0 -2 -2  0 -2  0 -2  0 -2  0
  A''  -2 -2  0 -2  0 -2  0 -2 -2  0 -2  0 -2  0 -2 -2  0 -2  0 -2  0 -2  0 -2 -2  0 -2  0 -2  0 -2  0
  B    -1 -1 -1 -2 -1 -1 -1 -1 -1 -1 -1 -1 -2 -1 -1 -1 -1 -1 -1 -2 -1 -1 -1 -1 -1 -1 -1 -1 -2 -1 -1 -1
  C    -1 -2 -1  0 -1 -2 -1 -1 -1 -1 -2 -1  0 -1 -2 -1 -1 -2 -1  0 -1 -2 -1 -1 -1 -1 -2 -1  0 -1 -2 -1
  D    -1 -1 -1 -2 -1 -1 -1 -1 -1 -1 -1 -1 -2 -1 -1 -1 -1 -1 -1 -2 -1 -1 -1 -1 -1 -1 -1 -1 -2 -1 -1 -1
  E    -1 -1 -1 -2 -1 -1 -1 -1 -1 -1 -1 -1 -2 -1 -1 -1 -1 -1 -1 -2 -1 -1 -1 -1 -1 -1 -1 -1 -2 -1 -1 -1
  F    -1 -2 -1  0 -1 -2 -1 -1 -1 -1 -2 -1  0 -1 -2 -1 -1 -2 -1  0 -1 -2 -1 -1 -1 -1 -2 -1  0 -1 -2 -1
  G    -1 -1 -1 -2 -1 -1 -1 -1 -1 -1 -1 -1 -2 -1 -1 -1 -1 -1 -1 -2 -1 -1 -1 -1 -1 -1 -1 -1 -2 -1 -1 -1
  H    -1 -1 -1 -2 -1 -1 -1 -1 -1 -1 -1 -1 -2 -1 -1 -1 -1 -1 -1 -2 -1 -1 -1 -1 -1 -1 -1 -1 -2 -1 -1 -1
  H'   -1 -1 -1 -2 -1 -1 -1 -1 -1 -1 -1 -1 -2 -1 -1 -1 -1 -1 -1 -2 -1 -1 -1 -1 -1 -1 -1 -1 -2 -1 -1 -1
  L    -2 -2  0 -2  0 -2  0 -2 -2  0 -2  0 -2  0 -2 -2  0 -2  0 -2  0 -2  0 -2 -2  0 -2  0 -2  0 -2  0
  W    -1 -1 -1 -2 -1 -1 -1 -1 -1 -1 -1 -1 -2 -1 -1 -1 -1 -1 -1 -2 -1 -1 -1 -1 -1 -1 -1 -1 -2 -1 -1 -1
  CR   -1 -1 -1 -2 -1 -1 -1 -1 -1 -1 -1 -1 -2 -1 -1 -1 -1 -1 -1 -2 -1 -1 -1 -1 -1 -1 -1 -1 -2 -1 -1 -1

successive steps of y in ulps, odd t~.5 (x from 0.399999976):
  A     1  1  0  1  1  0  2  0  0  1  1  0  1  1  0  1  1  0  1  1  0  2  0  0  1  1  0  1  1  0  1  1
  A'    2  0  0  2  0  0  2  0  0  2  0  0  2  0  0  2  0  0  2  0  0  2  0  0  2  0  0  2  0  0  2  0
  A''   2  0  1  0  1  0  2  0  1  0  1  0  2  0  1  0  1  0  2  0  1  0  1  0  2  0  1  0  1  0  2  0
  B     1  1  0  1  1  0  1  1  0  1  1  0  1  1  0  1  1  0  1  1  0  1  1  0  1  1  0  1  1  0  1  1
  C     1  0  1  0  1  0  1  1  1  0  1  1  1  0  1  0  1  0  1  1  1  0  1  1  1  0  1  0  1  0  1  1
  D     1  1  1  0  1  0  1  1  1  0  1  0  1  1  1  0  1  0  1  1  1  0  1  0  1  1  1  0  1  0  1  1
  E     1  1  0  1  1  0  1  1  0  1  1  0  1  1  0  1  1  0  1  1  0  1  1  0  1  1  0  1  1  0  1  1
  F     2  0  1  0  1  0  2  0  1  0  1  0  2  0  1  0  1  0  2  0  1  0  1  0  2  0  1  0  1  0  2  0
  G     0  0  1  1  0  1  1  0  1  1  0  1  1  0  1  1  0  1  1  0  1  1  0  1  1  0  1  1  0  1  1  0
  H     0  1  0  1  1  0  1  1  0  1  1  0  1  1  0  1  1  0  1  1  0  1  1  0  1  1  0  1  1  0  1  1
  H'    1  1  0  1  1  0  1  1  0  1  1  0  1  1  0  1  1  0  1  1  0  1  1  0  1  1  0  1  1  0  1  1
  L     2  0  0  2  0  0  2  0  0  2  0  0  2  0  0  2  0  0  2  0  0  2  0  0  2  0  0  2  0  0  2  0
  W     1  1  0  1  1  0  1  1  0  1  1  0  1  1  0  1  1  0  1  1  0  1  1  0  1  1  0  1  1  0  1  1
  CR    1  1  0  1  1  0  1  1  0  1  1  0  1  1  0  1  1  0  1  1  0  1  1  0  1  1  0  1  1  0  1  1

successive steps of y in ulps, cross x~0 (x from 0.0009765625):
  A     0  0  0  0  0  0  0  0  0  0  0  0  0  0  0  0  0  0  0  0  0  0  0  0  0  0  0  0  0  0  0  0
  A'    0  0  0  0  0  0  0  0  0  0  0  0  0  0  0  0  0  0  0  0  0  0  0  0  0  0  0  0  0  0  0  0
  A''   0  0  0  0  0  0  0  0  0  0  0  0  0  0  0  0  0  0  0  0  0  0  0  0  0  0  0  0  0  0  0  0
  B     0  0  0  0  0  0  0  0  0  0  0  0  0  0  0  0  0  0  0  0  0  0  0  0  0  0  0  0  0  0  0  0
  C     0  0  0  0  0  0  0  0  0  0  0  0  0  0  0  0  0  0  0  0  0  0  0  0  0  0  0  0  0  0  0  0
  D     0  0  0  0  0  0  0  0  0  0  0  0  0  0  0  0  0  0  0  0  0  0  0  0  0  0  0  0  0  0  0  0
  E     0  0  0  0  0  0  0  0  0  0  0  0  0  0  0  0  0  0  0  0  0  0  0  0  0  0  0  0  0  0  0  0
  F     0  0  0  0  0  0  0  0  0  0  0  0  0  0  0  0  0  0  0  0  0  0  0  0  0  0  0  0  0  0  0  0
  G     0  0  0  0  0  0  0  0  0  0  0  0  0  0  0  0  0  0  0  0  0  0  0  0  0  0  0  0  0  0  0  0
  H     0  0  0  0  0  0  0  0  0  0  0  0  0  0  0  0  0  0  0  0  0  0  0  0  0  0  0  0  0  0  0  0
  H'    0  0  0  0  0  0  0  0  0  0  0  0  0  0  0  0  0  0  0  0  0  0  0  0  0  0  0  0  0  0  0  0
  L     0  0  0  0  0  0  0  0  0  0  0  0  0  0  0  0  0  0  0  0  0  0  0  0  0  0  0  0  0  0  0  0
  W     1  1  1  1  1  1  1  1  1  1  1  1  1  1  1  1  1  1  1  1  1  1  1  1  1  1  1  1  1  1  1  1
  CR    1  1  1  1  1  1  1  1  1  1  1  1  1  1  1  1  1  1  1  1  1  1  1  1  1  1  1  1  1  1  1  1

=============== double ===============

Steps equal to the CR step (%), by probe position:
formula         t~0     t~.5      t~1      x~0      y~0     rand      all
-------------------------------------------------------------------------
A             94.09    49.32    44.88    74.84     1.23    54.55    53.81
A'            94.30    53.63    50.25    74.84     1.23    59.70    57.11
A''           94.03    44.44    48.41    74.84     1.23    55.14    53.62
B             41.65    49.55    93.78    74.84     1.21    56.19    53.41
C             54.10    38.29    46.12    74.85     1.21    41.57    39.98
D             96.30    47.43    58.91    74.84     1.84    60.31    58.30
E             94.09    49.55    93.78    74.83     1.23    66.84    67.33
F             73.11    43.99    49.82    74.85     1.21    50.64    48.23
G             96.52    74.64    96.45    74.82    66.06    81.22    84.72
H             94.40    55.29    94.49    74.83     1.23    70.66    69.65
H'            94.20    53.84    94.10    74.83     1.23    69.32    68.91
L             94.20    53.57    50.78    74.84     1.23    59.56    57.16
W             99.95    99.73    99.95    99.93     1.84    99.87    88.37
CR           100.00   100.00   100.00   100.00   100.00   100.00   100.00

All probes (2844346 steps): stalls = flat steps where CR moves; dev = |y - CR| in ulps;
extra flat = longest flat run minus CR's longest flat run on the same probe
formula            %=CR       stalls    backwards      max dev   extra flat
---------------------------------------------------------------------------
A                53.811        15461            0     8.78e+18         1022
A'               57.111        15216            0      8.8e+18         1022
A''              53.624        16627            0      4.4e+18         1022
B                53.412        17321            0     8.78e+18         1139
C                39.981        20956         2364     8.77e+18         1022
D                58.300        12686            0     8.78e+18         1022
E                67.327         9670            0     8.78e+18         1022
F                48.231        16057            0     8.77e+18         1022
G                84.720         7946            0     8.77e+18         1022
H                69.648         9062            0     8.78e+18         1022
H'               68.909         9714            0     8.78e+18         1022
L                57.164        15408            0      8.8e+18         1022
W                88.367           19            0     7.93e+13            1
CR              100.000            0            0            0            0

successive steps of y in ulps, yoff t~.5 (x from 0.5):
  A     0  0  0  0  0  0  0  0  0  0  0  0  0  0  0  0  0  0  0  0  0  0  0  0  0  0  0  0  0  0  0  0
  A'    0  0  0  0  0  0  0  0  0  0  0  0  0  0  0  0  0  0  0  0  0  0  0  0  0  0  0  0  0  0  0  0
  A''   0  0  0  0  0  0  0  0  0  0  0  0  0  0  0  0  0  0  0  0  0  0  0  0  0  0  0  0  0  0  0  0
  B     0  0  0  0  0  0  0  0  0  0  0  0  0  0  0  0  0  0  0  0  0  0  0  0  0  0  0  0  0  0  0  0
  C     0  0  0  0  0  0  0  0  0  0  0  0  0  0  0  0  0  0  0  0  0  0  0  0  0  0  0  0  0  0  0  0
  D     0  0  0  0  0  0  0  0  0  0  0  0  0  0  0  0  0  0  0  0  0  0  0  0  0  0  0  0  0  0  0  0
  E     0  0  0  0  0  0  0  0  0  0  0  0  0  0  0  0  0  0  0  0  0  0  0  0  0  0  0  0  0  0  0  0
  F     0  0  0  0  0  0  0  0  0  0  0  0  0  0  0  0  0  0  0  0  0  0  0  0  0  0  0  0  0  0  0  0
  G     0  0  0  0  0  0  0  0  0  0  0  0  0  0  0  0  0  0  0  0  0  0  0  0  0  0  0  0  0  0  0  0
  H     0  0  0  0  0  0  0  0  0  0  0  0  0  0  0  0  0  0  0  0  0  0  0  0  0  0  0  0  0  0  0  0
  H'    0  0  0  0  0  0  0  0  0  0  0  0  0  0  0  0  0  0  0  0  0  0  0  0  0  0  0  0  0  0  0  0
  L     0  0  0  0  0  0  0  0  0  0  0  0  0  0  0  0  0  0  0  0  0  0  0  0  0  0  0  0  0  0  0  0
  W     0  0  0  0  0  0  0  0  0  0  0  0  0  0  0  0  0  0  0  0  0  0  0  0  0  0  0  0  0  0  0  0
  CR    0  0  0  0  0  0  0  0  0  0  0  0  0  0  0  0  0  0  0  0  0  0  0  0  0  0  0  0  0  0  0  0

successive steps of y in ulps, neg t~1 (x from 4.8399999999999999):
  A     0 -2  0 -2 -2  0 -2  0 -2  0 -2  0 -2 -2  0 -2  0 -2  0 -2 -2  0 -2  0 -2  0 -2 -2  0 -2  0 -2
  A'    0 -2  0 -2 -2  0 -2  0 -2  0 -2  0 -2 -2  0 -2  0 -2  0 -2 -2  0 -2  0 -2  0 -2 -2  0 -2  0 -2
  A''   0 -2  0 -2 -2  0 -2  0 -2  0 -2  0 -2 -2  0 -2  0 -2  0 -2 -2  0 -2  0 -2  0 -2 -2  0 -2  0 -2
  B    -1 -1 -1 -1 -1 -1 -1 -1 -2 -1 -1 -1 -1 -1 -1 -2 -1 -1 -1 -1 -1 -1 -1 -1 -2 -1 -1 -1 -1 -1 -1 -2
  C    -1 -2 -1 -1 -1 -1 -2 -1  0 -1 -2 -1 -1 -2 -1  0 -1 -2 -1 -1 -1 -1 -2 -1  0 -1 -2 -1 -1 -2 -1  0
  D    -1 -1 -1 -1 -1 -1 -1 -1 -2 -1 -1 -1 -1 -1 -1 -2 -1 -1 -1 -1 -1 -1 -1 -1 -2 -1 -1 -1 -1 -1 -1 -2
  E    -1 -1 -1 -1 -1 -1 -1 -1 -2 -1 -1 -1 -1 -1 -1 -2 -1 -1 -1 -1 -1 -1 -1 -1 -2 -1 -1 -1 -1 -1 -1 -2
  F    -1 -2 -1 -1 -1 -1 -2 -1  0 -1 -2 -1 -1 -2 -1  0 -1 -2 -1 -1 -1 -1 -2 -1  0 -1 -2 -1 -1 -2 -1  0
  G    -1 -1 -1 -1 -1 -1 -1 -1 -2 -1 -1 -1 -1 -1 -1 -2 -1 -1 -1 -1 -1 -1 -1 -1 -2 -1 -1 -1 -1 -1 -1 -2
  H    -1 -1 -1 -1 -1 -1 -1 -1 -2 -1 -1 -1 -1 -1 -1 -2 -1 -1 -1 -1 -1 -1 -1 -1 -2 -1 -1 -1 -1 -1 -1 -2
  H'   -1 -1 -1 -1 -1 -1 -1 -1 -2 -1 -1 -1 -1 -1 -1 -2 -1 -1 -1 -1 -1 -1 -1 -1 -2 -1 -1 -1 -1 -1 -1 -2
  L     0 -2  0 -2 -2  0 -2  0 -2  0 -2  0 -2 -2  0 -2  0 -2  0 -2 -2  0 -2  0 -2  0 -2 -2  0 -2  0 -2
  W    -1 -1 -1 -1 -1 -1 -1 -1 -2 -1 -1 -1 -1 -1 -1 -2 -1 -1 -1 -1 -1 -1 -1 -1 -2 -1 -1 -1 -1 -1 -1 -2
  CR   -1 -1 -1 -1 -1 -1 -1 -1 -2 -1 -1 -1 -1 -1 -1 -2 -1 -1 -1 -1 -1 -1 -1 -1 -2 -1 -1 -1 -1 -1 -1 -2

successive steps of y in ulps, odd t~.5 (x from 0.40000000000000002):
  A     0  1  0  1  0  2  0  1  0  2  0  1  0  1  0  1  0  2  0  1  0  2  0  1  0  1  0  2  0  1  0  1
  A'    0  1  0  2  0  1  0  1  0  2  0  1  0  1  0  2  0  1  0  1  0  2  0  1  0  1  0  2  0  1  0  1
  A''   0  2  0  0  0  2  0  2  0  0  0  2  0  2  0  0  0  2  0  2  0  0  0  2  0  2  0  0  0  2  0  2
  B     1  1  0  1  1  0  1  1  0  0  2  0  1  1  0  1  1  0  1  1  0  1  1  0  0  2  0  1  1  0  1  1
  C     0  2  0  1  0  1  0  2  0  0  0  2  0  2  0  1  0  1  0  2  0  0  0  2  0  2  0  1  0  1  0  2
  D     0  2  0  0  0  2  0  2  0  0  0  2  0  2  0  0  0  2  0  2  0  0  0  2  0  2  0  0  0  2  0  2
  E     1  1  0  1  1  0  1  1  0  0  2  0  1  1  0  1  1  0  1  1  0  1  1  0  0  2  0  1  1  0  1  1
  F     0  2  0  0  0  2  0  2  0  0  0  2  0  2  0  0  0  2  0  2  0  0  0  2  0  2  0  0  0  2  0  2
  G     1  1  0  1  1  0  1  1  0  1  1  0  1  1  0  1  1  0  1  1  0  1  1  0  1  1  0  1  1  0  1  1
  H     1  1  0  1  1  0  1  1  0  1  1  0  1  1  0  1  1  0  1  1  0  1  1  0  1  1  0  1  1  0  1  1
  H'    1  1  0  1  1  0  1  1  0  1  1  0  1  1  0  1  1  0  1  1  0  1  1  0  1  1  0  1  1  0  1  1
  L     0  1  0  2  0  1  0  1  0  2  0  1  0  1  0  2  0  1  0  1  0  2  0  1  0  1  0  2  0  1  0  1
  W     1  0  1  1  0  1  1  0  1  1  0  1  1  0  1  1  0  1  1  0  1  1  0  1  1  0  1  1  0  1  1  0
  CR    1  0  1  1  0  1  1  0  1  1  0  1  1  0  1  1  0  1  1  0  1  1  0  1  1  0  1  1  0  1  1  0

successive steps of y in ulps, cross x~0 (x from 0.0009765625):
  A     0  0  0  0  0  0  0  0  0  0  0  0  0  0  0  0  0  0  0  0  0  0  0  0  0  0  0  0  0  0  0  0
  A'    0  0  0  0  0  0  0  0  0  0  0  0  0  0  0  0  0  0  0  0  0  0  0  0  0  0  0  0  0  0  0  0
  A''   0  0  0  0  0  0  0  0  0  0  0  0  0  0  0  0  0  0  0  0  0  0  0  0  0  0  0  0  0  0  0  0
  B     0  0  0  0  0  0  0  0  0  0  0  0  0  0  0  0  0  0  0  0  0  0  0  0  0  0  0  0  0  0  0  0
  C     0  0  0  0  0  0  0  0  0  0  0  0  0  0  0  0  0  0  0  0  0  0  0  0  0  0  0  0  0  0  0  0
  D     0  0  0  0  0  0  0  0  0  0  0  0  0  0  0  0  0  0  0  0  0  0  0  0  0  0  0  0  0  0  0  0
  E     0  0  0  0  0  0  0  0  0  0  0  0  0  0  0  0  0  0  0  0  0  0  0  0  0  0  0  0  0  0  0  0
  F     0  0  0  0  0  0  0  0  0  0  0  0  0  0  0  0  0  0  0  0  0  0  0  0  0  0  0  0  0  0  0  0
  G     0  0  0  0  0  0  0  0  0  0  0  0  0  0  0  0  0  0  0  0  0  0  0  0  0  0  0  0  0  0  0  0
  H     0  0  0  0  0  0  0  0  0  0  0  0  0  0  0  0  0  0  0  0  0  0  0  0  0  0  0  0  0  0  0  0
  H'    0  0  0  0  0  0  0  0  0  0  0  0  0  0  0  0  0  0  0  0  0  0  0  0  0  0  0  0  0  0  0  0
  L     0  0  0  0  0  0  0  0  0  0  0  0  0  0  0  0  0  0  0  0  0  0  0  0  0  0  0  0  0  0  0  0
  W     1  1  1  1  1  1  1  1  1  1  1  1  1  1  1  1  1  1  1  1  1  1  1  1  1  1  1  1  1  1  1  1
  CR    1  1  1  1  1  1  1  1  1  1  1  1  1  1  1  1  1  1  1  1  1  1  1  1  1  1  1  1  1  1  1  1
